-1, 0, 0, 0, 0, 0, -1, 0, 0, -1, 0, 0, 0, 0, 0.8, 1, 
-1, 0, 0, 0, 0, 0, -1, 0, 0, -1, 0, 0, 0, 0, 0.8, 1, 
-1, 0, 0, 0, 0, 0, -1, 0, 0, -1, 0, 0, 0, 0, 0.8, 1, 
-1, 0, 0, 0, 0, 0, -1, 0, 0, -1, 0, 0, 0, 0, 0.8, 1, 
-1, 0, 0, 0, 0, 0, -1, 0, 0, -1, 0, 0, 0, 0, 0.8, 1, 
-1, 0, 0, 0, 0, 0, -1, 0, 0, -1, 0, 0, 0, 0, 0.8, 1, 
-1, 0, 0, 0, 0, 0, -1, 0, 0, -1, 0, 0, 0, 0, 0.8, 1, 
-1, 0, 0, 0, 0, 0, -1, 0, 0, -1, 0, 0, 0, 0, 0.8, 1, 
-1, 0, 0, 0, 0, 0, -1, 0, 0, -1, 0, 0, 0, 0, 0.8, 1, 
-1, 0, 0, 0, 0, 0, -1, 0, 0, -1, 0, 0, 0, 0, 0.8, 1, 
-1, 0, 0, 0, 0, 0, -1, 0, 0, -1, 0, 0, 0, 0, 0.8, 1, 
-1, 0, 0, 0, 0, 0, -1, 0, 0, -1, 0, 0, 0, 0, 0.8, 1, 
-1, 0, 0, 0, 0, 0, -1, 0, 0, -1, 0, 0, 0, 0, 0.8, 1, 
-1, 0, 0, 0, 0, 0, -1, 0, 0, -1, 0, 0, 0, 0, 0.8, 1, 
-1, 0, 0, 0, 0, 0, -1, 0, 0, -1, 0, 0, 0, 0, 0.8, 1, 
-1, 0, 0, 0, 0, 0, -1, 0, 0, -1, 0, 0, 0, 0, 0.8, 1, 
-1, 0, 0, 0, 0, 0, -1, 0, 0, -1, 0, 0, 0, 0, 0.8, 1, 
-1, 0, 0, 0, 0, 0, -1, 0, 0, -1, 0, 0, 0, 0, 0.8, 1, 
-1, 0, 0, 0, 0, 0, -1, 0, 0, -1, 0, 0, 0, 0, 0.8, 1, 
-1, 0, 0, 0, 0, 0, -1, 0, 0, -1, 0, 0, 0, 0, 0.8, 1, 
-1, 0, 0, 0, 0, 0, -1, 0, 0, -1, 0, 0, 0, 0, 0.8, 1, 
-1, 0, 0, 0, 0, 0, -1, 0, 0, -1, 0, 0, 0, 0, 0.8, 1, 
-1, 0, 0, 0, 0, 0, -1, 0, 0, -1, 0, 0, 0, 0, 0.8, 1, 
-0.999755, -0.02202231, -0.002291327, 0, 0.002299081, -0.0003271823, -0.9999973, 0, 0.0220215, -0.9997575, 0.000377733, 0, -0.002129116, -0.001064457, 0.7973473, 1, 
-0.9768949, -0.03957155, -0.2100264, 0, 0.2115851, -0.04045961, -0.976522, 0, 0.03014493, -0.9983977, 0.04789751, 0, -0.01291951, 0.005145084, 0.804852, 1, 
-0.9710265, -0.03557879, -0.2363101, 0, 0.2384813, -0.08085321, -0.9677756, 0, 0.01532589, -0.9960911, 0.08699542, 0, -0.01499046, 0.006773865, 0.8116614, 1, 
-0.9494258, -0.03971523, -0.3114712, 0, 0.313162, -0.04766192, -0.9485025, 0, 0.02282471, -0.9980738, 0.05768873, 0, -0.01568034, 0.006653128, 0.8049599, 1, 
-0.9459581, -0.02386995, -0.3234111, 0, 0.324287, -0.06513998, -0.9437123, 0, 0.001459411, -0.9975908, 0.06936036, 0, -0.01750068, 0.007435025, 0.8058761, 1, 
-0.9454428, -0.03455481, -0.3239525, 0, 0.3254395, -0.0540806, -0.9440143, 0, 0.01510073, -0.9979388, 0.06237558, 0, -0.01902397, 0.006329211, 0.8092096, 1, 
-0.9498143, -0.03320552, -0.3110486, 0, 0.3126089, -0.06461745, -0.9476811, 0, 0.01136911, -0.9973578, 0.07175487, 0, -0.01954683, 0.006193317, 0.8132661, 1, 
-0.9455771, -0.03117875, -0.3239029, 0, 0.3252127, -0.05680843, -0.9439326, 0, 0.01103025, -0.9978984, 0.06385641, 0, -0.02023039, 0.006453284, 0.8132562, 1, 
-0.9503089, -0.0301662, -0.3098459, 0, 0.3112971, -0.08284578, -0.946694, 0, 0.002888777, -0.9961056, 0.0881196, 0, -0.01964414, 0.00677787, 0.8170379, 1, 
-0.9528139, -0.02736155, -0.3023219, 0, 0.303554, -0.08140673, -0.9493299, 0, 0.001364125, -0.996305, 0.08587103, 0, -0.01924236, 0.00712644, 0.8177111, 1, 
-0.9521469, -0.02692376, -0.3044546, 0, 0.305635, -0.09077198, -0.9478118, 0, -0.002117272, -0.9955074, 0.09465697, 0, -0.01915844, 0.007273444, 0.8171793, 1, 
-0.9515237, -0.02864606, -0.3062402, 0, 0.3075638, -0.09773873, -0.9464942, 0, -0.002818177, -0.9947999, 0.1018111, 0, -0.01942096, 0.007252657, 0.8162014, 1, 
-0.9483368, -0.02165811, -0.3165267, 0, 0.3166807, -0.004017102, -0.9485233, 0, 0.01927171, -0.9997576, 0.01066821, 0, -0.02535015, 0.009204028, 0.8313048, 1, 
-0.9429904, -0.02162395, -0.3321178, 0, 0.3324838, -0.01630131, -0.942968, 0, 0.01497672, -0.9996331, 0.02256153, 0, -0.02545561, 0.008941852, 0.833162, 1, 
-0.9491612, -0.01730187, -0.3143159, 0, 0.3126508, 0.06443425, -0.9476802, 0, 0.03664933, -0.9977717, -0.0557491, 0, -0.02645165, 0.008862582, 0.8312619, 1, 
-0.9507033, -0.0198178, -0.3094701, 0, 0.3074916, 0.06900752, -0.9490451, 0, 0.04016372, -0.9974188, -0.05951194, 0, -0.02662147, 0.008859836, 0.8317111, 1, 
-0.9531819, -0.01030564, -0.3022242, 0, 0.3004108, 0.08215561, -0.9502649, 0, 0.03462245, -0.9965655, -0.07521337, 0, -0.02678313, 0.008633172, 0.832094, 1, 
-0.9560854, -0.00523766, -0.2930434, 0, 0.2929532, 0.01343243, -0.956032, 0, 0.008943646, -0.9998956, -0.01130825, 0, -0.02599284, 0.009532678, 0.832977, 1, 
-0.9573737, -0.001688557, -0.2888485, 0, 0.2886509, 0.03179793, -0.9569055, 0, 0.01080056, -0.9994924, -0.02995518, 0, -0.02648575, 0.009613003, 0.8345041, 1, 
-0.9582103, -0.002404571, -0.2860565, 0, 0.2857856, 0.03620858, -0.9576084, 0, 0.01266032, -0.9993408, -0.03400836, 0, -0.02656204, 0.009501702, 0.8353449, 1, 
-0.9568468, -0.005813427, -0.2905365, 0, 0.290104, 0.03893205, -0.9562024, 0, 0.01686998, -0.9992245, -0.03556561, 0, -0.02662565, 0.009875775, 0.8353724, 1, 
-0.9567625, -0.006115425, -0.2908075, 0, 0.2902848, 0.04337402, -0.9559563, 0, 0.01845955, -0.9990396, -0.03972353, 0, -0.02605735, 0.009643816, 0.8347749, 1, 
-0.9592264, -0.005028345, -0.2825945, 0, 0.2820131, 0.04945003, -0.9581344, 0, 0.01879213, -0.9987633, -0.04601587, 0, -0.02644406, 0.009566157, 0.8351172, 1, 
-0.9598999, -0.002623448, -0.2803312, 0, 0.2803, 0.008451662, -0.9598739, 0, 0.00488747, -0.9999605, -0.007377614, 0, -0.0278183, 0.0105046, 0.8458613, 1, 
-0.9614341, 0.005550859, -0.2749802, 0, 0.2750119, 0.032456, -0.9608914, 0, 0.003590978, -0.9994571, -0.03273104, 0, -0.02739798, 0.01038194, 0.8501031, 1, 
-0.9565862, -0.009307759, -0.2913012, 0, 0.2910368, 0.02263824, -0.9564425, 0, 0.01549692, -0.9997, -0.01894672, 0, -0.02748572, 0.00995294, 0.8513032, 1, 
-0.965653, -0.009120974, -0.2596762, 0, 0.2592891, 0.03094337, -0.9653021, 0, 0.01683984, -0.9994797, -0.02751588, 0, -0.0283458, 0.01036639, 0.8550336, 1, 
-0.9686166, -0.007123841, -0.2484587, 0, 0.248059, 0.03571475, -0.9680845, 0, 0.01577021, -0.9993368, -0.03282706, 0, -0.0279367, 0.01060745, 0.8539346, 1, 
-0.9680488, -0.0079262, -0.2506363, 0, 0.2501823, 0.03731, -0.9674774, 0, 0.01701978, -0.9992725, -0.03413523, 0, -0.02804879, 0.0108505, 0.8553085, 1, 
-0.9685689, -0.01310377, -0.2483994, 0, 0.2470291, 0.06638015, -0.9667298, 0, 0.02915668, -0.9977087, -0.06105696, 0, -0.02933554, 0.01069827, 0.8653287, 1, 
-0.9693474, -0.005047571, -0.2456414, 0, 0.2449791, 0.05626478, -0.9678921, 0, 0.01870658, -0.9984036, -0.05330386, 0, -0.02977113, 0.01069498, 0.8654718, 1, 
-0.9652871, -0.00974673, -0.2610084, 0, 0.260013, 0.05887845, -0.9638063, 0, 0.02476183, -0.998218, -0.05430062, 0, -0.02999861, 0.01046357, 0.8632546, 1, 
-0.9674739, -0.01166099, -0.2527007, 0, 0.2504455, 0.09658401, -0.9632988, 0, 0.03563993, -0.9952569, -0.09052228, 0, -0.02997296, 0.01104358, 0.8670303, 1, 
-0.9697619, -0.0107864, -0.243812, 0, 0.2415835, 0.09923793, -0.9652905, 0, 0.03460749, -0.9950058, -0.09363159, 0, -0.03057453, 0.01019055, 0.8713029, 1, 
-0.9818864, -0.000880341, -0.1894644, 0, 0.1868068, 0.1624451, -0.9688711, 0, 0.03163052, -0.9867175, -0.1593384, 0, -0.02969204, 0.01078716, 0.8823882, 1, 
-0.992182, -0.01920311, -0.123306, 0, 0.1192955, 0.1440508, -0.9823514, 0, 0.03662657, -0.9893842, -0.1406341, 0, -0.02785872, 0.01065699, 0.9015899, 1, 
-0.998306, -0.02339393, -0.05325462, 0, 0.04825124, 0.178197, -0.9828092, 0, 0.0324816, -0.983717, -0.1767667, 0, -0.02720486, 0.01026876, 0.9199065, 1, 
-0.9977622, -0.04231155, 0.05175495, 0, -0.05978249, 0.2182747, -0.9740524, 0, 0.02991682, -0.9749697, -0.2203161, 0, -0.02605143, 0.009937799, 0.9450164, 1, 
-0.98505, -0.05870362, 0.1619491, 0, -0.1700129, 0.179894, -0.9688807, 0, 0.0277431, -0.9819326, -0.1871854, 0, -0.02072854, 0.009013063, 0.9774613, 1, 
-0.9800755, -0.06679417, 0.187049, 0, -0.1952014, 0.1499847, -0.9692253, 0, 0.0366841, -0.9864296, -0.1600352, 0, -0.01884063, 0.009065409, 0.9900159, 1, 
-0.9782032, -0.06696512, 0.1965484, 0, -0.204071, 0.135194, -0.969574, 0, 0.03835544, -0.9885538, -0.1459135, 0, -0.01676964, 0.009894149, 0.9945229, 1, 
-0.9788879, -0.0622936, 0.1946654, 0, -0.2009824, 0.1201555, -0.972196, 0, 0.03717146, -0.9907988, -0.1301393, 0, -0.01696272, 0.01067679, 0.9924383, 1, 
-0.9803922, -0.06270958, 0.1868027, 0, -0.1934544, 0.1260645, -0.9729747, 0, 0.03746564, -0.9900383, -0.1357247, 0, -0.01681689, 0.01051121, 0.9921998, 1, 
-0.9821299, -0.0621203, 0.1776468, 0, -0.1839778, 0.1181768, -0.9757985, 0, 0.03962316, -0.9910476, -0.1274944, 0, -0.01714388, 0.01081303, 0.9940568, 1, 
-0.9817292, -0.06370628, 0.1792901, 0, -0.1859701, 0.1219948, -0.9749507, 0, 0.04023807, -0.9904841, -0.1316139, 0, -0.01693993, 0.01049391, 0.9943957, 1, 
-0.981361, -0.06185377, 0.1819366, 0, -0.1883312, 0.1214007, -0.9745718, 0, 0.03819373, -0.9906741, -0.1307875, 0, -0.0167123, 0.01076382, 0.9941608, 1, 
-0.9795765, -0.07340365, 0.1871812, 0, -0.1967081, 0.157215, -0.9677739, 0, 0.04161045, -0.9848322, -0.1684439, 0, -0.01519248, 0.01066913, 1.002414, 1, 
-0.9796572, -0.07354451, 0.1867027, 0, -0.1959332, 0.1496679, -0.9691268, 0, 0.04333055, -0.9859968, -0.1610336, 0, -0.01490673, 0.0105119, 1.004783, 1, 
-0.9799653, -0.07163335, 0.1858243, 0, -0.1942819, 0.1387127, -0.9710871, 0, 0.04378601, -0.9877375, -0.1498513, 0, -0.01464536, 0.01060684, 1.006624, 1, 
-0.9758, -0.08250313, 0.2024897, 0, -0.2129275, 0.1479985, -0.9657922, 0, 0.04971269, -0.9855393, -0.1619848, 0, -0.01497144, 0.01013161, 1.003429, 1, 
-0.9791989, -0.06852943, 0.1909658, 0, -0.1988946, 0.1383266, -0.9702079, 0, 0.04007209, -0.9880114, -0.1490801, 0, -0.01415662, 0.01082638, 1.005932, 1, 
-0.980335, -0.07232148, 0.1835984, 0, -0.1927824, 0.1524053, -0.9693319, 0, 0.04212206, -0.9856667, -0.1633511, 0, -0.01473872, 0.009875742, 1.003978, 1, 
-0.9802905, -0.07609554, 0.182305, 0, -0.1910588, 0.1305653, -0.9728548, 0, 0.05022715, -0.9885135, -0.1425311, 0, -0.01396032, 0.01038654, 1.003908, 1, 
-0.9809855, -0.07157812, 0.1803859, 0, -0.1888181, 0.1372534, -0.9723716, 0, 0.04484193, -0.9879452, -0.1481594, 0, -0.01400618, 0.01037755, 1.002794, 1, 
-0.9803512, -0.0704611, 0.1842352, 0, -0.1919912, 0.1266059, -0.9731947, 0, 0.04524708, -0.9894461, -0.1376466, 0, -0.01407456, 0.0104346, 1.000966, 1, 
-0.9817563, -0.06942867, 0.1770035, 0, -0.1849505, 0.1328184, -0.9737301, 0, 0.04409539, -0.9887043, -0.1432366, 0, -0.01399187, 0.01031866, 1.000606, 1, 
-0.9807581, -0.06754989, 0.1831556, 0, -0.1909229, 0.1362121, -0.9721072, 0, 0.04071764, -0.9883727, -0.1464885, 0, -0.01375925, 0.01032171, 1.000786, 1, 
-0.9823609, -0.06776702, 0.1742691, 0, -0.1815875, 0.1234839, -0.9755894, 0, 0.04459336, -0.9900286, -0.1336119, 0, -0.01436828, 0.01032611, 1.003216, 1, 
-0.9830998, -0.0645076, 0.171313, 0, -0.1785263, 0.1309389, -0.9751824, 0, 0.0404751, -0.9892882, -0.1402428, 0, -0.01416893, 0.01062117, 1.001451, 1, 
-0.9805394, -0.06599956, 0.1848819, 0, -0.1925338, 0.1394722, -0.9713268, 0, 0.03832116, -0.9880225, -0.1494656, 0, -0.0131056, 0.008629504, 1.006276, 1, 
-0.9836631, -0.0661644, 0.1674044, 0, -0.1748697, 0.1306536, -0.9758828, 0, 0.04269666, -0.9892164, -0.1400898, 0, -0.01312723, 0.008802564, 1.007019, 1, 
-0.9822938, -0.06890345, 0.1742012, 0, -0.1824964, 0.1419966, -0.9728972, 0, 0.04229989, -0.9874642, -0.1520575, 0, -0.01383064, 0.008456547, 1.003869, 1, 
-0.9822695, -0.06693479, 0.1751039, 0, -0.1832633, 0.1462793, -0.9721183, 0, 0.03945437, -0.9869748, -0.1559529, 0, -0.01351887, 0.008760009, 1.004981, 1, 
-0.9816291, -0.07151061, 0.1768774, 0, -0.1854934, 0.1408422, -0.9724984, 0, 0.04463208, -0.9874448, -0.15152, 0, -0.01355915, 0.008586796, 1.004665, 1, 
-0.9822884, -0.0706002, 0.1735504, 0, -0.1817739, 0.1345572, -0.9740892, 0, 0.04541837, -0.9883859, -0.1450077, 0, -0.01372859, 0.008719459, 1.00444, 1, 
-0.9806546, -0.06515805, 0.184568, 0, -0.1910988, 0.1147458, -0.9748395, 0, 0.0423402, -0.9912543, -0.1249781, 0, -0.01262454, 0.008811119, 1.013036, 1, 
-0.9801341, -0.06563969, 0.1871437, 0, -0.1941109, 0.1240741, -0.9731001, 0, 0.04065428, -0.9900984, -0.1343512, 0, -0.01258454, 0.008759374, 1.013169, 1, 
-0.9815537, -0.06824213, 0.1785749, 0, -0.1860768, 0.1268352, -0.9743128, 0, 0.04383963, -0.9895727, -0.1371944, 0, -0.01292946, 0.008867621, 1.01317, 1, 
-0.98132, -0.06970553, 0.1792925, 0, -0.1874467, 0.1370379, -0.972667, 0, 0.04323043, -0.9881095, -0.1475447, 0, -0.0130219, 0.008685816, 1.0135, 1, 
-0.9829545, -0.06830977, 0.1706697, 0, -0.1786225, 0.1354121, -0.9745534, 0, 0.0434608, -0.9884312, -0.1453063, 0, -0.01288001, 0.00836814, 1.011484, 1, 
-0.9816028, -0.07249363, 0.1766208, 0, -0.1855782, 0.1449762, -0.9718742, 0, 0.0448489, -0.9867752, -0.1557629, 0, -0.01327316, 0.008498882, 1.013498, 1, 
-0.98532, -0.06276557, 0.1587445, 0, -0.165469, 0.1226504, -0.9785571, 0, 0.04194964, -0.9904625, -0.1312362, 0, -0.01359965, 0.008868799, 1.013224, 1, 
-0.9826424, -0.06760254, 0.1727403, 0, -0.1804984, 0.1337001, -0.9744445, 0, 0.0427795, -0.9887125, -0.1435821, 0, -0.01314528, 0.00785391, 1.010308, 1, 
-0.9825417, -0.06929269, 0.172641, 0, -0.1804256, 0.1288945, -0.9751052, 0, 0.04531518, -0.9892336, -0.139147, 0, -0.01209658, 0.007927547, 1.010996, 1, 
-0.9809194, -0.06635943, 0.1827231, 0, -0.1894536, 0.1156126, -0.9750584, 0, 0.04357924, -0.9910744, -0.1259793, 0, -0.01264008, 0.008529347, 1.012487, 1, 
-0.9810984, -0.06624847, 0.1817983, 0, -0.1885468, 0.1162159, -0.9751626, 0, 0.04347518, -0.991011, -0.1265107, 0, -0.01248451, 0.008255593, 1.011552, 1, 
-0.9834331, -0.06400366, 0.1695769, 0, -0.1760704, 0.11517, -0.9776163, 0, 0.04304082, -0.9912807, -0.1245317, 0, -0.01283203, 0.008419707, 1.010667, 1, 
-0.9819136, -0.06340705, 0.1783778, 0, -0.1844749, 0.1088007, -0.9767957, 0, 0.04252806, -0.9920381, -0.1185304, 0, -0.0125824, 0.008512284, 1.011204, 1, 
-0.9828239, -0.06981394, 0.1708129, 0, -0.1782626, 0.1199958, -0.9766383, 0, 0.04768601, -0.9903154, -0.1303805, 0, -0.01148172, 0.008376993, 1.009852, 1, 
-0.9838421, -0.07154918, 0.1641024, 0, -0.1717838, 0.1192659, -0.977888, 0, 0.05039511, -0.9902795, -0.1296303, 0, -0.01163245, 0.008684638, 1.00825, 1, 
-0.9821899, -0.06792543, 0.1751656, 0, -0.1822266, 0.1175099, -0.976209, 0, 0.04572557, -0.9907444, -0.1277954, 0, -0.01143014, 0.008629746, 1.011436, 1, 
-0.9833911, -0.0697443, 0.1675464, 0, -0.1752812, 0.1256927, -0.9764611, 0, 0.04704309, -0.989613, -0.1358305, 0, -0.01166982, 0.008870202, 1.010837, 1, 
-0.9836411, -0.06618526, 0.1675221, 0, -0.1747767, 0.1257719, -0.9765413, 0, 0.04356292, -0.9898472, -0.1352826, 0, -0.0115891, 0.008784058, 1.011411, 1, 
-0.978375, -0.07377211, 0.1932182, 0, -0.2012302, 0.1237352, -0.9716969, 0, 0.04777609, -0.9895673, -0.1359051, 0, -0.01000346, 0.008326001, 1.013758, 1, 
-0.9778754, -0.07095764, 0.1967686, 0, -0.2038157, 0.1116871, -0.9726171, 0, 0.04703796, -0.9912052, -0.1236789, 0, -0.00963057, 0.008661747, 1.011816, 1, 
-0.9817382, -0.06343675, 0.1793302, 0, -0.1858033, 0.1177969, -0.9755002, 0, 0.04075789, -0.9910079, -0.1274329, 0, -0.01019379, 0.008812917, 1.011502, 1, 
-0.9796584, -0.06761784, 0.1889199, 0, -0.1958488, 0.1173319, -0.9735895, 0, 0.04366556, -0.9907864, -0.1281884, 0, -0.009962897, 0.009140032, 1.012415, 1, 
-0.9797165, -0.06491044, 0.1895657, 0, -0.1958679, 0.1107696, -0.9743541, 0, 0.04224749, -0.9917223, -0.1212371, 0, -0.009872667, 0.009401143, 1.012526, 1, 
-0.9814618, -0.06389467, 0.1806752, 0, -0.1864289, 0.09992974, -0.9773731, 0, 0.04439399, -0.9929392, -0.1099894, 0, -0.009538907, 0.009224324, 1.011161, 1, 
-0.9799085, -0.07376014, 0.1852876, 0, -0.1933375, 0.1234464, -0.973335, 0, 0.04892009, -0.9896044, -0.1352272, 0, -0.008573448, 0.008884391, 1.005995, 1, 
-0.9795836, -0.06838889, 0.1890285, 0, -0.195834, 0.1124306, -0.9741704, 0, 0.04536971, -0.9913017, -0.1235285, 0, -0.008674692, 0.009473359, 1.005848, 1, 
-0.9795785, -0.07027283, 0.1883618, 0, -0.1951542, 0.1072344, -0.9748926, 0, 0.04830947, -0.9917458, -0.118759, 0, -0.008747253, 0.009352264, 1.005581, 1, 
-0.9813654, -0.070952, 0.1785493, 0, -0.1862419, 0.1229657, -0.9747787, 0, 0.0472069, -0.9898698, -0.1338891, 0, -0.009137894, 0.009262963, 1.007011, 1, 
-0.9840998, -0.06773726, 0.1641689, 0, -0.1716149, 0.1248308, -0.9772235, 0, 0.04570094, -0.9898615, -0.1344714, 0, -0.009572114, 0.009337447, 1.005444, 1, 
-0.9789355, -0.07369484, 0.1903857, 0, -0.1980488, 0.1164852, -0.9732462, 0, 0.04954594, -0.9904529, -0.1286274, 0, -0.007344691, 0.009086331, 1.006504, 1, 
-0.9820471, -0.0711794, 0.1746694, 0, -0.1819402, 0.113266, -0.9767649, 0, 0.04974127, -0.9910101, -0.1241836, 0, -0.007523814, 0.008752442, 1.008046, 1, 
-0.9813758, -0.06786805, 0.1796885, 0, -0.1862808, 0.1081589, -0.9765255, 0, 0.04683983, -0.9918128, -0.1187877, 0, -0.006855124, 0.009639663, 1.009039, 1, 
-0.9796512, -0.06661191, 0.189312, 0, -0.1953901, 0.1012088, -0.9754897, 0, 0.04581906, -0.9926311, -0.1121653, 0, -0.006813639, 0.0093682, 1.009604, 1, 
-0.9802412, -0.06548129, 0.1866321, 0, -0.1925816, 0.1009228, -0.9760775, 0, 0.04507927, -0.9927354, -0.11154, 0, -0.007022306, 0.009784956, 1.009968, 1, 
-0.9785562, -0.07621109, 0.1913419, 0, -0.1994055, 0.1180236, -0.9727839, 0, 0.0515539, -0.9900805, -0.1306906, 0, -0.006175445, 0.008716253, 1.00947, 1, 
-0.9781741, -0.07181682, 0.1949618, 0, -0.2023204, 0.1157421, -0.9724566, 0, 0.04727327, -0.9906783, -0.1277468, 0, -0.005882617, 0.008954824, 1.010371, 1, 
-0.977942, -0.07378593, 0.1953907, 0, -0.2031589, 0.1189719, -0.9718916, 0, 0.04846572, -0.9901506, -0.1313388, 0, -0.006008067, 0.009011868, 1.010571, 1, 
-0.9764712, -0.07687039, 0.2014628, 0, -0.2099423, 0.1257212, -0.9695979, 0, 0.04920497, -0.9890811, -0.1389024, 0, -0.005691131, 0.008553782, 1.011045, 1, 
-0.9774511, -0.07463794, 0.1975084, 0, -0.2054122, 0.119703, -0.9713283, 0, 0.04885538, -0.9899983, -0.1323363, 0, -0.006104401, 0.008787101, 1.01098, 1, 
-0.9770395, -0.07356457, 0.1999332, 0, -0.2076067, 0.118198, -0.971046, 0, 0.04780269, -0.9902598, -0.1307576, 0, -0.005965433, 0.008790697, 1.010758, 1, 
-0.9793226, -0.07267544, 0.1887765, 0, -0.1956587, 0.1034322, -0.9752031, 0, 0.05134758, -0.9919763, -0.1155139, 0, -0.006125519, 0.008703977, 1.006891, 1, 
-0.9789349, -0.07417527, 0.1902007, 0, -0.1976848, 0.1117298, -0.973878, 0, 0.05098638, -0.9909647, -0.1240403, 0, -0.005866665, 0.008802375, 1.010725, 1, 
-0.9775975, -0.07542407, 0.1964846, 0, -0.2040534, 0.1109841, -0.9726495, 0, 0.05155424, -0.9909543, -0.123889, 0, -0.006188577, 0.009040058, 1.007376, 1, 
-0.9810308, -0.07616861, 0.1782393, 0, -0.1868438, 0.1268866, -0.9741618, 0, 0.05158406, -0.9889868, -0.138712, 0, -0.006299016, 0.008614698, 1.008332, 1, 
-0.9804447, -0.07731908, 0.1809471, 0, -0.189729, 0.1275672, -0.9735153, 0, 0.05218808, -0.9888102, -0.139743, 0, -0.006381074, 0.008694082, 1.00839, 1, 
-0.9805433, -0.0722729, 0.1824921, 0, -0.1905918, 0.1282939, -0.9732512, 0, 0.04692677, -0.9890978, -0.1395732, 0, -0.007080031, 0.00827051, 1.008647, 1, 
-0.9775046, -0.07357313, 0.1976455, 0, -0.2056805, 0.1254335, -0.970549, 0, 0.04661462, -0.9893686, -0.1377451, 0, -0.006544323, 0.008560351, 1.006425, 1, 
-0.9752918, -0.07298861, 0.2084957, 0, -0.2160394, 0.1181734, -0.9692086, 0, 0.04610228, -0.9903054, -0.1310226, 0, -0.006065748, 0.008848742, 1.010965, 1, 
-0.9798935, -0.07452659, 0.1850572, 0, -0.1936537, 0.1323703, -0.9721005, 0, 0.04795096, -0.9883929, -0.1441419, 0, -0.007391079, 0.008861591, 1.00724, 1, 
-0.9809994, -0.07269981, 0.1798518, 0, -0.1881307, 0.1303713, -0.9734542, 0, 0.0473221, -0.9887941, -0.141572, 0, -0.007083843, 0.008626705, 1.006578, 1, 
-0.9806515, -0.07183746, 0.1820805, 0, -0.190461, 0.1355944, -0.9722868, 0, 0.0451572, -0.9881544, -0.146654, 0, -0.007196685, 0.008813624, 1.006834, 1, 
-0.980438, -0.07654028, 0.1813132, 0, -0.1903926, 0.1355613, -0.9723048, 0, 0.04984112, -0.987806, -0.1474829, 0, -0.007332084, 0.00888263, 1.006628, 1, 
-0.9759655, -0.07055357, 0.2061681, 0, -0.2141955, 0.136721, -0.9671765, 0, 0.04004995, -0.9880918, -0.1485481, 0, -0.007725052, 0.008124054, 1.004286, 1, 
-0.9779273, -0.07237089, 0.1959907, 0, -0.2043346, 0.135696, -0.9694518, 0, 0.04356464, -0.9881014, -0.1474895, 0, -0.007082672, 0.007904056, 1.011756, 1, 
-0.978939, -0.06932425, 0.1920004, 0, -0.2000012, 0.1374207, -0.9701121, 0, 0.04086719, -0.9880816, -0.1483921, 0, -0.008090081, 0.008229014, 1.008889, 1, 
-0.9778959, -0.07065901, 0.1967676, 0, -0.2047197, 0.132593, -0.9698001, 0, 0.0424348, -0.9886463, -0.1441281, 0, -0.007546786, 0.008232933, 1.008538, 1, 
-0.9778162, -0.0708215, 0.1971044, 0, -0.2051379, 0.1340083, -0.9695171, 0, 0.04224873, -0.9884438, -0.1455644, 0, -0.007841427, 0.008509518, 1.008988, 1, 
-0.9788113, -0.07101147, 0.1920326, 0, -0.2000608, 0.1322775, -0.9708149, 0, 0.04353709, -0.988663, -0.143682, 0, -0.007459328, 0.008101533, 1.012907, 1, 
-0.9760855, -0.06874878, 0.2062058, 0, -0.2132186, 0.1183983, -0.9698058, 0, 0.04225826, -0.9905807, -0.1302259, 0, -0.007697224, 0.006841225, 1.010143, 1, 
-0.9802369, -0.06403118, 0.1871523, 0, -0.1944708, 0.138989, -0.9710128, 0, 0.03616274, -0.9882189, -0.148695, 0, -0.008401209, 0.006735438, 1.010437, 1, 
-0.979827, -0.07385825, 0.1856727, 0, -0.1942198, 0.1334656, -0.9718376, 0, 0.04699704, -0.9882951, -0.1451186, 0, -0.008032905, 0.006360428, 1.011676, 1, 
-0.9784814, -0.07119356, 0.193639, 0, -0.2018673, 0.1365725, -0.9698454, 0, 0.0426007, -0.9880661, -0.1480059, 0, -0.008095998, 0.006129093, 1.010525, 1, 
-0.9792671, -0.0707684, 0.1897847, 0, -0.1980623, 0.1383901, -0.9703724, 0, 0.0424071, -0.9878436, -0.1495381, 0, -0.008294181, 0.006115379, 1.012564, 1, 
-0.9772775, -0.06186524, 0.2027113, 0, -0.2093961, 0.134006, -0.9686066, 0, 0.03275832, -0.989045, -0.143916, 0, -0.00867522, 0.005672365, 1.015188, 1, 
-0.9781367, -0.06149342, 0.1986395, 0, -0.2051381, 0.1290211, -0.9701936, 0, 0.03403154, -0.9897305, -0.1388155, 0, -0.008444284, 0.005910136, 1.01392, 1, 
-0.9796408, -0.06371982, 0.1903538, 0, -0.1969828, 0.1226061, -0.9727125, 0, 0.03864225, -0.9904048, -0.132662, 0, -0.009258518, 0.00578534, 1.015571, 1, 
-0.97799, -0.065346, 0.1981318, 0, -0.2046542, 0.1159391, -0.9719456, 0, 0.04054125, -0.9911014, -0.1267611, 0, -0.008242002, 0.006221796, 1.014881, 1, 
-0.9766809, -0.06132418, 0.2057283, 0, -0.2112764, 0.1047256, -0.9718015, 0, 0.03804972, -0.9926057, -0.1152402, 0, -0.008282073, 0.006615786, 1.013317, 1, 
-0.9783421, -0.05972405, 0.198166, 0, -0.2037914, 0.1107631, -0.9727303, 0, 0.03614571, -0.9920479, -0.1205359, 0, -0.008283147, 0.005460402, 1.014793, 1, 
-0.9798077, -0.05740408, 0.1914984, 0, -0.1968559, 0.1099941, -0.9742446, 0, 0.03486171, -0.9922705, -0.1190738, 0, -0.008751401, 0.005755376, 1.011844, 1, 
-0.9776245, -0.05980976, 0.2016494, 0, -0.2069963, 0.1034634, -0.9728575, 0, 0.03732285, -0.9928308, -0.1135291, 0, -0.008259695, 0.005724143, 1.012829, 1, 
-0.9779067, -0.05815386, 0.2007652, 0, -0.2062841, 0.1136213, -0.9718751, 0, 0.03370686, -0.9918183, -0.1231077, 0, -0.008310026, 0.005638264, 1.012886, 1, 
-0.9807156, -0.05651788, 0.1870633, 0, -0.1922547, 0.1075437, -0.9754367, 0, 0.03501194, -0.99259, -0.116336, 0, -0.008795139, 0.005731557, 1.012002, 1, 
-0.9789372, -0.0577125, 0.1958072, 0, -0.2011539, 0.1093316, -0.9734415, 0, 0.03477161, -0.9923263, -0.1186384, 0, -0.0084575, 0.005787058, 1.01208, 1, 
-0.9755933, -0.06159957, 0.2107432, 0, -0.2172003, 0.1303236, -0.9673905, 0, 0.03212574, -0.9895539, -0.1405231, 0, -0.008452688, 0.004363183, 1.011928, 1, 
-0.9765188, -0.06096195, 0.2066004, 0, -0.2127336, 0.1222475, -0.9694351, 0, 0.03384201, -0.9906236, -0.1323465, 0, -0.00842669, 0.004853662, 1.011369, 1, 
-0.9783518, -0.06007249, 0.1980093, 0, -0.2041352, 0.1236457, -0.9711052, 0, 0.03385344, -0.9905044, -0.1332326, 0, -0.00852516, 0.005084267, 1.011475, 1, 
-0.9777763, -0.06399672, 0.1996149, 0, -0.2061188, 0.1200853, -0.9711329, 0, 0.0381782, -0.9906965, -0.1306082, 0, -0.008634521, 0.00523053, 1.011367, 1, 
-0.9782909, -0.06130472, 0.1979318, 0, -0.2034498, 0.1030241, -0.9736526, 0, 0.03929749, -0.9927857, -0.1132605, 0, -0.008644572, 0.00560643, 1.012253, 1, 
-0.9789511, -0.06494, 0.1934581, 0, -0.2000523, 0.1182384, -0.972627, 0, 0.04028792, -0.990857, -0.1287417, 0, -0.008836988, 0.005159862, 1.013537, 1, 
-0.977222, -0.05723921, 0.2043259, 0, -0.2099127, 0.1199591, -0.9703356, 0, 0.03103021, -0.9911248, -0.1292426, 0, -0.007866364, 0.003956437, 1.012604, 1, 
-0.9799696, -0.04748073, 0.1933726, 0, -0.1977081, 0.1166346, -0.9732999, 0, 0.02365884, -0.9920366, -0.1236864, 0, -0.008810345, 0.004381609, 1.011107, 1, 
-0.9778823, -0.05397265, 0.2020426, 0, -0.2072864, 0.1221746, -0.9706237, 0, 0.02770242, -0.9910377, -0.1306609, 0, -0.008224986, 0.004102292, 1.011118, 1, 
-0.979373, -0.05017754, 0.1957007, 0, -0.2006894, 0.1300913, -0.9709811, 0, 0.02326224, -0.9902291, -0.1374789, 0, -0.008412976, 0.003865902, 1.011206, 1, 
-0.9784726, -0.05187214, 0.1997225, 0, -0.2046612, 0.1203554, -0.9714075, 0, 0.02635107, -0.9913723, -0.1283814, 0, -0.008261171, 0.003725107, 1.010885, 1, 
-0.9806249, -0.05405287, 0.1882588, 0, -0.1939058, 0.1322358, -0.972069, 0, 0.02764829, -0.989741, -0.1401557, 0, -0.009574327, 0.002986142, 1.015458, 1, 
-0.9803432, -0.05458636, 0.1895643, 0, -0.1949407, 0.1208619, -0.9733419, 0, 0.03021989, -0.991165, -0.129128, 0, -0.00905026, 0.003461743, 1.014895, 1, 
-0.981821, -0.05477951, 0.1816993, 0, -0.1875627, 0.1341859, -0.9730459, 0, 0.02892123, -0.9894386, -0.142022, 0, -0.009177531, 0.003386848, 1.015245, 1, 
-0.9781177, -0.05024601, 0.2018626, 0, -0.2067573, 0.1278964, -0.969999, 0, 0.02292089, -0.9905115, -0.1354873, 0, -0.00824913, 0.002522741, 1.009472, 1, 
-0.9783083, -0.04898567, 0.2012485, 0, -0.2059424, 0.1263114, -0.9703796, 0, 0.02211457, -0.990778, -0.1336605, 0, -0.00803882, 0.002809929, 1.008982, 1, 
-0.9790657, -0.04926022, 0.1974625, 0, -0.2025615, 0.1420075, -0.9689198, 0, 0.01968788, -0.9886365, -0.1490139, 0, -0.008586947, 0.002292914, 1.007917, 1, 
-0.977444, -0.05146042, 0.2047981, 0, -0.2102609, 0.1474618, -0.9664617, 0, 0.01953444, -0.9877256, -0.1549568, 0, -0.008227509, 0.002233643, 1.006113, 1, 
-0.9799713, -0.04828109, 0.1931641, 0, -0.1978569, 0.1275309, -0.9719008, 0, 0.0222899, -0.990656, -0.1345302, 0, -0.00838923, 0.00285767, 1.007412, 1, 
-0.9809742, -0.04913048, 0.1877852, 0, -0.1928063, 0.1347812, -0.9719377, 0, 0.02244165, -0.9896534, -0.1416904, 0, -0.008278248, 0.003209619, 1.008662, 1, 
-0.9806597, -0.05043663, 0.1890773, 0, -0.1945234, 0.145869, -0.9699927, 0, 0.02134241, -0.988014, -0.15286, 0, -0.008355239, 0.002726975, 1.007338, 1, 
-0.9816499, -0.04927207, 0.1841832, 0, -0.1894768, 0.1445688, -0.9711853, 0, 0.02122494, -0.9882639, -0.1512529, 0, -0.008677167, 0.002816633, 1.007927, 1, 
-0.9795842, -0.05078085, 0.194484, 0, -0.1996433, 0.1333179, -0.9707583, 0, 0.02336754, -0.9897681, -0.1407351, 0, -0.008110243, 0.003353441, 1.008038, 1, 
-0.9809601, -0.0497024, 0.1877087, 0, -0.1930986, 0.147835, -0.9699797, 0, 0.02046015, -0.9877591, -0.1546188, 0, -0.008503171, 0.002801501, 1.008052, 1, 
-0.9826259, -0.05054503, 0.1785474, 0, -0.1842099, 0.1495858, -0.9714388, 0, 0.02239297, -0.9874526, -0.1562989, 0, -0.008792604, 0.002845007, 1.008286, 1, 
-0.9781733, -0.05369706, 0.2007017, 0, -0.2059495, 0.123255, -0.9707708, 0, 0.02738982, -0.990918, -0.1316245, 0, -0.00829552, 0.003953726, 1.004595, 1, 
-0.9775572, -0.05497568, 0.2033405, 0, -0.2087285, 0.1229557, -0.970215, 0, 0.02833615, -0.990885, -0.1316721, 0, -0.00844491, 0.004495038, 1.00496, 1, 
-0.9783468, -0.05628904, 0.1991411, 0, -0.2048953, 0.1283542, -0.9703329, 0, 0.02905827, -0.9901263, -0.1371092, 0, -0.009097696, 0.00434835, 1.004601, 1, 
-0.9809641, -0.05851371, 0.1851322, 0, -0.1913956, 0.1310617, -0.9727246, 0, 0.03265371, -0.9896422, -0.1397669, 0, -0.009036144, 0.003977299, 1.005461, 1, 
-0.9798926, -0.05772436, 0.190963, 0, -0.1971344, 0.133238, -0.9712818, 0, 0.03062283, -0.9893974, -0.1419392, 0, -0.009482311, 0.004174069, 1.004724, 1, 
-0.980449, -0.05364861, 0.1892879, 0, -0.1949993, 0.1370729, -0.9711791, 0, 0.02615589, -0.9891028, -0.1448554, 0, -0.009193121, 0.004302759, 1.004979, 1, 
-0.9803573, -0.05792889, 0.1884998, 0, -0.1946042, 0.129542, -0.9722911, 0, 0.03190485, -0.9898756, -0.1382715, 0, -0.009219481, 0.004196196, 1.004858, 1, 
-0.9758224, -0.06199281, 0.20956, 0, -0.2163908, 0.1399694, -0.9662222, 0, 0.03056658, -0.9882085, -0.1500009, 0, -0.006431406, 0.004054375, 1.008791, 1, 
-0.9743535, -0.06123931, 0.2165004, 0, -0.2233268, 0.1462169, -0.9637155, 0, 0.02736097, -0.9873507, -0.1561444, 0, -0.006327182, 0.004317172, 1.005759, 1, 
-0.9757364, -0.06000587, 0.2105347, 0, -0.2170354, 0.1392003, -0.9661888, 0, 0.02867022, -0.9884401, -0.1488473, 0, -0.006350078, 0.004495323, 1.006106, 1, 
-0.9781622, -0.05812232, 0.1995196, 0, -0.2058666, 0.1398457, -0.9685374, 0, 0.02839138, -0.9884614, -0.1487582, 0, -0.006213319, 0.004525298, 1.006603, 1, 
-0.9755628, -0.06254642, 0.2106002, 0, -0.217272, 0.1327352, -0.9670455, 0, 0.03253091, -0.9891715, -0.143082, 0, -0.00629565, 0.004647388, 1.011673, 1, 
-0.9748768, -0.07093871, 0.2111168, 0, -0.2189668, 0.13203, -0.9667597, 0, 0.04070665, -0.9886998, -0.1442471, 0, -0.005214198, 0.004987585, 1.011763, 1, 
-0.9758139, -0.06838334, 0.2076009, 0, -0.214789, 0.1239842, -0.9687596, 0, 0.04050754, -0.9899207, -0.1356745, 0, -0.005287244, 0.005839111, 1.012097, 1, 
-0.9771523, -0.06543349, 0.2021851, 0, -0.209289, 0.1312511, -0.9690062, 0, 0.03686823, -0.9891832, -0.1419479, 0, -0.005605547, 0.005994062, 1.010731, 1, 
-0.9777523, -0.06340196, 0.1999197, 0, -0.2066789, 0.129154, -0.9698475, 0, 0.0356696, -0.9895912, -0.1393856, 0, -0.00579222, 0.005916322, 1.01155, 1, 
-0.9764443, -0.06448288, 0.2058779, 0, -0.2125336, 0.1235509, -0.969312, 0, 0.03706745, -0.9902363, -0.1343464, 0, -0.00582274, 0.005923368, 1.010833, 1, 
-0.976763, -0.06465424, 0.2043052, 0, -0.2109828, 0.1232176, -0.969693, 0, 0.03752059, -0.9902664, -0.1339964, 0, -0.005998088, 0.005978185, 1.009993, 1, 
-0.9758957, -0.07163877, 0.2061115, 0, -0.2146168, 0.1444507, -0.9659576, 0, 0.03942684, -0.9869105, -0.156345, 0, -0.004931754, 0.004588429, 1.01224, 1, 
-0.9759705, -0.06932873, 0.2065494, 0, -0.2141557, 0.1308158, -0.9680008, 0, 0.04009007, -0.9889747, -0.1425207, 0, -0.005594797, 0.005500682, 1.01265, 1, 
-0.9760274, -0.06803146, 0.2067119, 0, -0.214477, 0.1398382, -0.9666675, 0, 0.03685733, -0.98783, -0.1510783, 0, -0.005400127, 0.005831691, 1.011617, 1, 
-0.9758505, -0.06477154, 0.2085874, 0, -0.2158515, 0.1401276, -0.9663198, 0, 0.03336089, -0.9880078, -0.1507258, 0, -0.005461817, 0.005444544, 1.010623, 1, 
-0.9755394, -0.06847355, 0.2088601, 0, -0.216305, 0.1303025, -0.9675924, 0, 0.03903924, -0.9891023, -0.1419275, 0, -0.004882762, 0.005650692, 1.012936, 1, 
-0.9772441, -0.06785841, 0.2009444, 0, -0.2087438, 0.139978, -0.9679016, 0, 0.03755215, -0.9878214, -0.1509587, 0, -0.005062964, 0.005576984, 1.01257, 1, 
-0.9755494, -0.06225733, 0.2107536, 0, -0.2176181, 0.140159, -0.9659193, 0, 0.03059622, -0.9881645, -0.1502813, 0, -0.006218391, 0.004346729, 1.008983, 1, 
-0.9761216, -0.05780212, 0.2093689, 0, -0.2150592, 0.1221065, -0.9689383, 0, 0.03044113, -0.9908273, -0.1316225, 0, -0.006275448, 0.005432562, 1.007605, 1, 
-0.9769396, -0.06008484, 0.2048632, 0, -0.2109386, 0.1236264, -0.9696512, 0, 0.03293459, -0.9905034, -0.1334506, 0, -0.006342903, 0.005240641, 1.008363, 1, 
-0.9770223, -0.05980045, 0.2045506, 0, -0.2106779, 0.1262991, -0.9693635, 0, 0.03213357, -0.9901834, -0.1359967, 0, -0.006128925, 0.005212594, 1.00809, 1, 
-0.9743437, -0.06167964, 0.2164249, 0, -0.2226868, 0.1254173, -0.9667907, 0, 0.03248762, -0.9901804, -0.1359357, 0, -0.006152386, 0.005211686, 1.008389, 1, 
-0.9740126, -0.05955919, 0.2184996, 0, -0.2246643, 0.1324113, -0.9653997, 0, 0.02856633, -0.9893994, -0.1423521, 0, -0.006145739, 0.005196364, 1.007919, 1, 
-0.9768807, -0.05474817, 0.2066336, 0, -0.2121653, 0.1302855, -0.9685119, 0, 0.02610265, -0.9899596, -0.1388899, 0, -0.006924237, 0.003579922, 1.013826, 1, 
-0.9743881, -0.05196168, 0.2187678, 0, -0.2233985, 0.1131286, -0.9681423, 0, 0.02555718, -0.9922164, -0.1218399, 0, -0.006983529, 0.003881486, 1.014475, 1, 
-0.9731349, -0.05040638, 0.2246304, 0, -0.2290004, 0.1117228, -0.966996, 0, 0.02364621, -0.9924558, -0.1202651, 0, -0.006825631, 0.004337019, 1.014378, 1, 
-0.9751062, -0.05066314, 0.2158519, 0, -0.2201459, 0.1054546, -0.9697524, 0, 0.02636793, -0.9931285, -0.1139833, 0, -0.007115203, 0.004652406, 1.013693, 1, 
-0.9751466, -0.04993355, 0.215839, 0, -0.2200921, 0.1070997, -0.9695845, 0, 0.0252983, -0.9929892, -0.1154285, 0, -0.007217488, 0.004498298, 1.013862, 1, 
-0.9751128, -0.0462031, 0.2168196, 0, -0.2213615, 0.149756, -0.9636269, 0, 0.01205221, -0.9876387, -0.1562577, 0, -0.009095519, 0.003216616, 1.0085, 1, 
-0.9779244, -0.04500734, 0.2040299, 0, -0.2083969, 0.1399577, -0.9679809, 0, 0.01501043, -0.9891298, -0.1462485, 0, -0.009423023, 0.003684164, 1.0135, 1, 
-0.9800965, -0.04398438, 0.1935608, 0, -0.1977558, 0.1321641, -0.9713033, 0, 0.01714012, -0.9902473, -0.1382329, 0, -0.009856105, 0.003940043, 1.010757, 1, 
-0.9772977, -0.04293157, 0.2074496, 0, -0.2113507, 0.1305875, -0.96865, 0, 0.0144951, -0.9905027, -0.1366976, 0, -0.008983123, 0.003960839, 1.010154, 1, 
-0.9809656, -0.04156061, 0.1896545, 0, -0.1938496, 0.154731, -0.9687544, 0, 0.01091628, -0.9870779, -0.1598437, 0, -0.009649865, 0.003701979, 1.010485, 1, 
-0.9771156, -0.04661581, 0.2075118, 0, -0.2120138, 0.1360316, -0.9677548, 0, 0.01688423, -0.9896026, -0.142803, 0, -0.009326902, 0.004517146, 1.013, 1, 
-0.9809691, -0.04408389, 0.1890618, 0, -0.1934363, 0.1393885, -0.971163, 0, 0.01645934, -0.9892516, -0.1452645, 0, -0.00975116, 0.004575023, 1.01245, 1, 
-0.9746789, -0.0526376, 0.2172971, 0, -0.2229554, 0.1560268, -0.9622633, 0, 0.01674673, -0.9863444, -0.1638133, 0, -0.009142281, 0.00275812, 1.010397, 1, 
-0.9747778, -0.04993124, 0.2174919, 0, -0.2224668, 0.1411428, -0.964672, 0, 0.01746957, -0.9887244, -0.1486922, 0, -0.00919544, 0.002609186, 1.011311, 1, 
-0.9743385, -0.04857336, 0.2197561, 0, -0.2244956, 0.1405256, -0.9642918, 0, 0.01595725, -0.9888797, -0.1478253, 0, -0.009426685, 0.00314855, 1.011711, 1, 
-0.976323, -0.05104477, 0.2101782, 0, -0.2154498, 0.1439575, -0.965848, 0, 0.01904447, -0.9882613, -0.1515479, 0, -0.009129551, 0.001974807, 1.011616, 1, 
-0.9768348, -0.04471224, 0.2092407, 0, -0.2133976, 0.1323175, -0.967966, 0, 0.01559348, -0.9901933, -0.138795, 0, -0.008936191, 0.003196305, 1.010786, 1, 
-0.9774543, -0.04669926, 0.2058849, 0, -0.2103646, 0.1331954, -0.9685095, 0, 0.01780552, -0.9899836, -0.1400176, 0, -0.009460746, 0.003149165, 1.01024, 1, 
-0.9778799, -0.04850654, 0.2034318, 0, -0.2083091, 0.1394394, -0.9680751, 0, 0.01859127, -0.9890364, -0.1464607, 0, -0.009396502, 0.002949037, 1.009827, 1, 
-0.9782526, -0.04879918, 0.2015606, 0, -0.2065776, 0.1435609, -0.9678437, 0, 0.01829348, -0.9884323, -0.1505211, 0, -0.009395079, 0.003089889, 1.010222, 1, 
-0.9802883, -0.04747217, 0.1917471, 0, -0.1967461, 0.1477755, -0.969257, 0, 0.01767691, -0.9878756, -0.1542041, 0, -0.01008082, 0.002490435, 1.011118, 1, 
-0.9792854, -0.0457815, 0.1972056, 0, -0.2017607, 0.1402465, -0.969345, 0, 0.0167204, -0.9890522, -0.1465796, 0, -0.009879434, 0.002724782, 1.011454, 1, 
-0.9738504, -0.05028317, 0.2215242, 0, -0.2265988, 0.1464351, -0.9629206, 0, 0.01597947, -0.9879361, -0.1540015, 0, -0.008681014, 0.003249981, 1.009995, 1, 
-0.9764687, -0.05898084, 0.207403, 0, -0.2141111, 0.1512943, -0.9650249, 0, 0.02553868, -0.9867218, -0.1603641, 0, -0.008969835, 0.001828861, 1.010642, 1, 
-0.9749278, -0.05370014, 0.215911, 0, -0.2214871, 0.1421592, -0.9647492, 0, 0.02111309, -0.9883804, -0.1504903, 0, -0.008974045, 0.002629581, 1.012692, 1, 
-0.9768438, -0.05512033, 0.2066973, 0, -0.2127294, 0.1483668, -0.9657851, 0, 0.02256702, -0.987389, -0.1566583, 0, -0.009047455, 0.002419173, 1.009472, 1, 
-0.9779705, -0.04922974, 0.2028216, 0, -0.2076825, 0.1330838, -0.9691047, 0, 0.02071621, -0.9898755, -0.1403773, 0, -0.009077266, 0.002632096, 1.009839, 1, 
-0.9750533, -0.05063579, 0.2160861, 0, -0.2211659, 0.1403283, -0.9650913, 0, 0.01854485, -0.9888035, -0.1480277, 0, -0.008878631, 0.002782347, 1.012643, 1, 
-0.9749785, -0.04973103, 0.2166339, 0, -0.221508, 0.1366941, -0.9655345, 0, 0.01840413, -0.9893579, -0.1442908, 0, -0.009068308, 0.002666656, 1.012633, 1, 
-0.9772875, -0.05496971, 0.2046317, 0, -0.2103553, 0.1357226, -0.9681621, 0, 0.02544611, -0.9892145, -0.1442043, 0, -0.008831462, 0.002860975, 1.012396, 1, 
-0.9766908, -0.05016683, 0.2086742, 0, -0.2134972, 0.1276798, -0.9685685, 0, 0.02194625, -0.9905396, -0.1354152, 0, -0.008961231, 0.002872666, 1.010721, 1, 
-0.9783206, -0.0478945, 0.2014484, 0, -0.2062389, 0.1385048, -0.9686538, 0, 0.0184913, -0.9891962, -0.145381, 0, -0.009416637, 0.002906064, 1.011607, 1, 
-0.9783076, -0.0502875, 0.2009265, 0, -0.2061079, 0.1402653, -0.9684283, 0, 0.02051648, -0.9888293, -0.1475885, 0, -0.009107597, 0.002846718, 1.0107, 1, 
-0.9788029, -0.04687708, 0.199332, 0, -0.2039485, 0.1359212, -0.9695045, 0, 0.01835379, -0.9896036, -0.1426017, 0, -0.009212289, 0.003050226, 1.010031, 1, 
-0.9757665, -0.0547789, 0.2118133, 0, -0.2177076, 0.1471636, -0.9648597, 0, 0.02168237, -0.9875875, -0.1555244, 0, -0.008208521, 0.002336879, 1.010059, 1, 
-0.9755241, -0.04951045, 0.214214, 0, -0.2190733, 0.1363541, -0.9661379, 0, 0.01862467, -0.9894156, -0.1438642, 0, -0.008165588, 0.002896436, 1.01145, 1, 
-0.9768022, -0.05242715, 0.2075933, 0, -0.213173, 0.1473463, -0.9658439, 0, 0.02004799, -0.9876882, -0.1551055, 0, -0.008450571, 0.002902118, 1.01012, 1, 
-0.9810497, -0.04843993, 0.1875671, 0, -0.1927556, 0.1474029, -0.9701164, 0, 0.01934411, -0.9878834, -0.1539479, 0, -0.009164958, 0.002769439, 1.008091, 1, 
-0.9807987, -0.04576197, 0.1895411, 0, -0.1941334, 0.1381589, -0.9712018, 0, 0.01825705, -0.989346, -0.144391, 0, -0.008576892, 0.002998539, 1.007811, 1, 
-0.9815966, -0.0459445, 0.1853196, 0, -0.1900486, 0.1418126, -0.9714831, 0, 0.01835339, -0.9888201, -0.1479355, 0, -0.008606351, 0.00283869, 1.007722, 1, 
-0.9761139, -0.05173714, 0.2109794, 0, -0.2162471, 0.1390044, -0.9663969, 0, 0.02067129, -0.9889331, -0.1468731, 0, -0.007494967, 0.002712785, 1.008877, 1, 
-0.9780599, -0.04846141, 0.202577, 0, -0.2071263, 0.1233778, -0.9705075, 0, 0.02203846, -0.9911694, -0.1307093, 0, -0.007430056, 0.003657585, 1.007698, 1, 
-0.9757452, -0.05189145, 0.2126397, 0, -0.217942, 0.1403851, -0.9658161, 0, 0.0202659, -0.9887297, -0.1482904, 0, -0.007607304, 0.002917394, 1.007588, 1, 
-0.9755366, -0.05361706, 0.2131679, 0, -0.2189262, 0.1501259, -0.9641273, 0, 0.01969135, -0.9872052, -0.1581926, 0, -0.007478696, 0.002788139, 1.00647, 1, 
-0.9766584, -0.05501176, 0.2076031, 0, -0.2136002, 0.1480206, -0.9656464, 0, 0.02239207, -0.9874463, -0.1563171, 0, -0.007244443, 0.002721068, 1.005964, 1, 
-0.9774175, -0.05197655, 0.2047926, 0, -0.2102879, 0.1451002, -0.9668161, 0, 0.02053603, -0.9880435, -0.1527544, 0, -0.007753029, 0.002952181, 1.006742, 1, 
-0.9721017, -0.06368983, 0.2257175, 0, -0.2322538, 0.1275628, -0.9642586, 0, 0.03262003, -0.9897761, -0.1387969, 0, -0.006138755, 0.003886798, 1.014664, 1, 
-0.9781203, -0.0621808, 0.1984958, 0, -0.2057191, 0.1479356, -0.9673696, 0, 0.03078683, -0.9870329, -0.1574915, 0, -0.005926705, 0.003399977, 1.00811, 1, 
-0.9748418, -0.06234695, 0.2139689, 0, -0.220717, 0.1369527, -0.9656799, 0, 0.03090323, -0.9886064, -0.147269, 0, -0.006374854, 0.0040014, 1.012698, 1, 
-0.9772845, -0.0600573, 0.2032104, 0, -0.209517, 0.1303902, -0.9690768, 0, 0.03170322, -0.9896352, -0.140012, 0, -0.006201755, 0.003805629, 1.009084, 1, 
-0.9765437, -0.0581478, 0.2072874, 0, -0.2134366, 0.1353754, -0.9675369, 0, 0.02819826, -0.9890798, -0.1446116, 0, -0.006776911, 0.002878978, 1.009622, 1, 
-0.9735317, -0.07227334, 0.2167931, 0, -0.2247607, 0.131335, -0.9655272, 0, 0.04130904, -0.9886934, -0.1441037, 0, -0.004384867, 0.002867206, 1.014617, 1, 
-0.9743679, -0.0684478, 0.2142627, 0, -0.2217911, 0.1337122, -0.9658878, 0, 0.03746301, -0.9886468, -0.1454667, 0, -0.004507156, 0.003239421, 1.01197, 1, 
-0.9738334, -0.06706274, 0.2171103, 0, -0.2240806, 0.1247837, -0.9665542, 0, 0.03772765, -0.9899083, -0.1365465, 0, -0.003920329, 0.003448984, 1.011526, 1, 
