-1, 0, 0, 0, 0, 0, -1, 0, 0, -1, 0, 0, 0, 0, 0.8, 1, 
-1, 0, 0, 0, 0, 0, -1, 0, 0, -1, 0, 0, 0, 0, 0.8, 1, 
-1, 0, 0, 0, 0, 0, -1, 0, 0, -1, 0, 0, 0, 0, 0.8, 1, 
-1, 0, 0, 0, 0, 0, -1, 0, 0, -1, 0, 0, 0, 0, 0.8, 1, 
-1, 0, 0, 0, 0, 0, -1, 0, 0, -1, 0, 0, 0, 0, 0.8, 1, 
-1, 0, 0, 0, 0, 0, -1, 0, 0, -1, 0, 0, 0, 0, 0.8, 1, 
-1, 0, 0, 0, 0, 0, -1, 0, 0, -1, 0, 0, 0, 0, 0.8, 1, 
-1, 0, 0, 0, 0, 0, -1, 0, 0, -1, 0, 0, 0, 0, 0.8, 1, 
-1, 0, 0, 0, 0, 0, -1, 0, 0, -1, 0, 0, 0, 0, 0.8, 1, 
-1, 0, 0, 0, 0, 0, -1, 0, 0, -1, 0, 0, 0, 0, 0.8, 1, 
-1, 0, 0, 0, 0, 0, -1, 0, 0, -1, 0, 0, 0, 0, 0.8, 1, 
-1, 0, 0, 0, 0, 0, -1, 0, 0, -1, 0, 0, 0, 0, 0.8, 1, 
-1, 0, 0, 0, 0, 0, -1, 0, 0, -1, 0, 0, 0, 0, 0.8, 1, 
-1, 0, 0, 0, 0, 0, -1, 0, 0, -1, 0, 0, 0, 0, 0.8, 1, 
-1, 0, 0, 0, 0, 0, -1, 0, 0, -1, 0, 0, 0, 0, 0.8, 1, 
-1, 0, 0, 0, 0, 0, -1, 0, 0, -1, 0, 0, 0, 0, 0.8, 1, 
-1, 0, 0, 0, 0, 0, -1, 0, 0, -1, 0, 0, 0, 0, 0.8, 1, 
-1, 0, 0, 0, 0, 0, -1, 0, 0, -1, 0, 0, 0, 0, 0.8, 1, 
-1, 0, 0, 0, 0, 0, -1, 0, 0, -1, 0, 0, 0, 0, 0.8, 1, 
-1, 0, 0, 0, 0, 0, -1, 0, 0, -1, 0, 0, 0, 0, 0.8, 1, 
-1, 0, 0, 0, 0, 0, -1, 0, 0, -1, 0, 0, 0, 0, 0.8, 1, 
-1, 0, 0, 0, 0, 0, -1, 0, 0, -1, 0, 0, 0, 0, 0.8, 1, 
-1, 0, 0, 0, 0, 0, -1, 0, 0, -1, 0, 0, 0, 0, 0.8, 1, 
-1, 0, 0, 0, 0, 0, -1, 0, 0, -1, 0, 0, 0, 0, 0.8, 1, 
-1, 0, 0, 0, 0, 0, -1, 0, 0, -1, 0, 0, 0, 0, 0.8, 1, 
-1, 0, 0, 0, 0, 0, -1, 0, 0, -1, 0, 0, 0, 0, 0.8, 1, 
-1, 0, 0, 0, 0, 0, -1, 0, 0, -1, 0, 0, 0, 0, 0.8, 1, 
-1, 0, 0, 0, 0, 0, -1, 0, 0, -1, 0, 0, 0, 0, 0.8, 1, 
-1, 0, 0, 0, 0, 0, -1, 0, 0, -1, 0, 0, 0, 0, 0.8, 1, 
-1, 0, 0, 0, 0, 0, -1, 0, 0, -1, 0, 0, 0, 0, 0.8, 1, 
-0.9996268, 0.02729752, 0.0009921594, 0, 0.0003668079, 0.04973295, -0.9987626, 0, -0.02731309, -0.9983892, -0.04972442, 0, -0.006062967, -0.007995144, 0.8084321, 1, 
-0.9990811, 0.02912703, -0.03144806, 0, 0.0338651, 0.08659022, -0.9956681, 0, -0.02627775, -0.9958178, -0.08749706, 0, -0.008478405, -0.01125579, 0.8141652, 1, 
-0.9987819, 0.02785416, -0.04073287, 0, 0.04352972, 0.1085404, -0.9931382, 0, -0.02324187, -0.9937016, -0.1096207, 0, -0.01001405, -0.01181648, 0.8163655, 1, 
-0.9990552, 0.01569755, -0.040525, 0, 0.04213702, 0.1216304, -0.9916804, 0, -0.01063788, -0.9924508, -0.1221769, 0, -0.01040396, -0.0141883, 0.8266153, 1, 
-0.999347, 0.0172015, -0.03176641, 0, 0.03372021, 0.1287187, -0.9911078, 0, -0.0129596, -0.9915316, -0.1292146, 0, -0.01199353, -0.01517829, 0.8323693, 1, 
-0.9985079, 0.01978454, -0.05089158, 0, 0.05302202, 0.1287274, -0.990262, 0, -0.01304073, -0.9914823, -0.1295842, 0, -0.01322212, -0.01536921, 0.8367681, 1, 
-0.9986202, 0.009133688, -0.05170869, 0, 0.05250083, 0.1560239, -0.9863573, 0, -0.0009412844, -0.9877107, -0.156288, 0, -0.01159829, -0.01767416, 0.8289613, 1, 
-0.9986919, 0.01101341, -0.049925, 0, 0.05105617, 0.1640295, -0.9851334, 0, -0.002660486, -0.9863937, -0.1643773, 0, -0.01096116, -0.01809979, 0.8287535, 1, 
-0.9987019, 0.02219533, -0.04583652, 0, 0.04893916, 0.1692165, -0.9843629, 0, -0.01409195, -0.9853289, -0.1700832, 0, -0.01210237, -0.01792882, 0.8304112, 1, 
-0.9987385, 0.02903268, -0.04095774, 0, 0.04499234, 0.1556522, -0.9867864, 0, -0.02227388, -0.9873852, -0.1567621, 0, -0.01326573, -0.01771439, 0.8330004, 1, 
-0.9987892, 0.02884354, -0.03984472, 0, 0.04379143, 0.1524917, -0.9873333, 0, -0.02240221, -0.9878835, -0.1535702, 0, -0.01339789, -0.01774747, 0.8333426, 1, 
-0.9980034, 0.002197183, -0.06311541, 0, 0.06271651, 0.1518628, -0.9864089, 0, 0.007417583, -0.9883991, -0.1516975, 0, -0.01143127, -0.01816782, 0.8305762, 1, 
-0.9955728, -0.0001893663, -0.09398602, 0, 0.09255762, 0.171716, -0.9807879, 0, 0.01632466, -0.9851469, -0.1709384, 0, -0.01316516, -0.01937995, 0.8317097, 1, 
-0.9949898, 0.0008060064, -0.09996462, 0, 0.09881368, 0.1594423, -0.9822482, 0, 0.01514692, -0.9872079, -0.1587234, 0, -0.01304114, -0.01899198, 0.8331352, 1, 
-0.9948184, -0.005282635, -0.1015235, 0, 0.09931954, 0.1625888, -0.9816815, 0, 0.02169248, -0.9866807, -0.1612219, 0, -0.01233654, -0.01983842, 0.8342102, 1, 
-0.9941561, -0.00536941, -0.1078116, 0, 0.1051467, 0.1777769, -0.9784365, 0, 0.02442005, -0.9840574, -0.1761736, 0, -0.01346732, -0.02069249, 0.8308156, 1, 
-0.9949142, -0.008783437, -0.1003349, 0, 0.0969727, 0.1856212, -0.977824, 0, 0.02721295, -0.9825833, -0.1838256, 0, -0.01156979, -0.02180636, 0.833993, 1, 
-0.992299, -0.004218077, -0.1237895, 0, 0.1215828, 0.157645, -0.9799816, 0, 0.02364845, -0.987488, -0.1559184, 0, -0.0146854, -0.02061307, 0.8365849, 1, 
-0.9921542, -0.006382111, -0.1248503, 0, 0.1215594, 0.1838847, -0.9754017, 0, 0.02918318, -0.9829284, -0.1816664, 0, -0.01504378, -0.02165469, 0.840606, 1, 
-0.9933724, -0.00962585, -0.1145268, 0, 0.1108013, 0.1845024, -0.9765658, 0, 0.03053072, -0.9827863, -0.1822131, 0, -0.01476819, -0.0219063, 0.8460304, 1, 
-0.9901077, -0.005350251, -0.1401985, 0, 0.1398091, 0.04594152, -0.9891117, 0, 0.01173292, -0.998931, -0.04473916, 0, -0.01389634, -0.02029461, 0.853629, 1, 
-0.9856362, 0.004302073, -0.1688173, 0, 0.1688502, 0.009000152, -0.9856004, 0, -0.002720699, -0.9999517, -0.009597467, 0, -0.01364887, -0.01949285, 0.8648893, 1, 
-0.983067, -0.0002869167, -0.1832385, 0, 0.1830563, -0.04613914, -0.9820187, 0, -0.008172675, -0.9989366, 0.04541018, 0, -0.01427637, -0.01809761, 0.8715887, 1, 
-0.9857836, -0.002741809, -0.1679893, 0, 0.1678498, -0.05993412, -0.9839887, 0, -0.007370349, -0.9981999, 0.05954208, 0, -0.01460726, -0.0180471, 0.8763457, 1, 
-0.9864935, 0.01014217, -0.1634782, 0, 0.1621622, -0.07998841, -0.9835167, 0, -0.02305126, -0.9967455, 0.07726312, 0, -0.01614562, -0.01971332, 0.890611, 1, 
-0.9852181, 0.01759276, -0.1703902, 0, 0.1671175, -0.1196453, -0.9786503, 0, -0.03760345, -0.9926621, 0.1149365, 0, -0.0132824, -0.02011742, 0.891654, 1, 
-0.9880054, 0.01308499, -0.153853, 0, 0.151895, -0.09668347, -0.9836563, 0, -0.0277461, -0.9952302, 0.09353603, 0, -0.01406261, -0.02028734, 0.8942464, 1, 
-0.9881104, 0.01740186, -0.1527475, 0, 0.1495521, -0.1214005, -0.9812724, 0, -0.03561951, -0.992452, 0.1173544, 0, -0.01417776, -0.02005502, 0.8945448, 1, 
-0.9888905, 0.01302396, -0.1480636, 0, 0.1459282, -0.1041793, -0.9837942, 0, -0.028238, -0.9944742, 0.1011211, 0, -0.01394142, -0.02003048, 0.8920627, 1, 
-0.9830699, 0.0202644, -0.1821008, 0, 0.1776106, -0.1387437, -0.9742712, 0, -0.04500826, -0.9901222, 0.1327953, 0, -0.01519431, -0.02064766, 0.9017333, 1, 
-0.9866674, 0.01757665, -0.1617902, 0, 0.1575878, -0.1450277, -0.9767972, 0, -0.04063279, -0.9892728, 0.140324, 0, -0.0154477, -0.02087648, 0.9021372, 1, 
-0.9839681, 0.01744167, -0.1774848, 0, 0.172175, -0.1664923, -0.9708945, 0, -0.04648371, -0.9858894, 0.1608197, 0, -0.01522418, -0.02058742, 0.9032958, 1, 
-0.9866018, 0.01689209, -0.1622644, 0, 0.15718, -0.1679877, -0.9731776, 0, -0.04369726, -0.9856452, 0.1630815, 0, -0.01502245, -0.02008012, 0.9042925, 1, 
-0.9875444, 0.01430171, -0.1566817, 0, 0.1522675, -0.1637821, -0.974674, 0, -0.03960101, -0.9863937, 0.1595642, 0, -0.0153931, -0.02064306, 0.9062342, 1, 
-0.9873186, 0.01981021, -0.1575024, 0, 0.1521277, -0.1653696, -0.9744279, 0, -0.04534957, -0.9860336, 0.1602585, 0, -0.01547217, -0.02048675, 0.909588, 1, 
-0.986403, 0.01516668, -0.1636365, 0, 0.1591198, -0.1607771, -0.9740796, 0, -0.04108241, -0.9868752, 0.1561774, 0, -0.0153762, -0.02061044, 0.9091855, 1, 
-0.9918948, 0.005437122, -0.1269378, 0, 0.1243318, -0.1641697, -0.9785647, 0, -0.02615983, -0.9864181, 0.1621627, 0, -0.01464983, -0.02290422, 0.9154605, 1, 
-0.9922395, 0.006422477, -0.1241688, 0, 0.1213819, -0.1663143, -0.9785728, 0, -0.02693584, -0.986053, 0.1642438, 0, -0.014229, -0.02258336, 0.9182036, 1, 
-0.9867291, 0.01201233, -0.1619236, 0, 0.1573366, -0.1756078, -0.9718053, 0, -0.04010862, -0.9843882, 0.171387, 0, -0.01448602, -0.02193853, 0.9207711, 1, 
-0.9901001, 0.01411711, -0.1396431, 0, 0.1347813, -0.1819576, -0.9740248, 0, -0.03915946, -0.9832066, 0.1782533, 0, -0.01507155, -0.02203709, 0.923747, 1, 
-0.9896687, 0.01513751, -0.1425634, 0, 0.137237, -0.1875882, -0.972613, 0, -0.04146606, -0.9821333, 0.1835725, 0, -0.01534977, -0.02186537, 0.9236493, 1, 
-0.9906614, 0.01133118, -0.135865, 0, 0.1316701, -0.1789728, -0.9750031, 0, -0.03536403, -0.9837908, 0.1758093, 0, -0.01528853, -0.02215226, 0.9258053, 1, 
-0.9923836, 0.01088343, -0.1226929, 0, 0.118865, -0.176563, -0.9770856, 0, -0.03229705, -0.9842311, 0.1739245, 0, -0.01500754, -0.02264021, 0.926629, 1, 
-0.9918348, -0.003065306, -0.127479, 0, 0.1262861, -0.1621172, -0.9786569, 0, -0.0176667, -0.9867685, 0.1611805, 0, -0.01507901, -0.02357754, 0.9314818, 1, 
-0.9922837, 0.001824147, -0.1239607, 0, 0.1220949, -0.1590564, -0.9796905, 0, -0.02150389, -0.9872698, 0.1576064, 0, -0.01577656, -0.02375207, 0.9321374, 1, 
-0.9950842, 0.004783839, -0.09889565, 0, 0.09693845, -0.1562422, -0.9829499, 0, -0.020154, -0.987709, 0.1550106, 0, -0.01534769, -0.02347286, 0.9322882, 1, 
-0.9929196, -0.001140332, -0.1187683, 0, 0.1174174, -0.1601153, -0.9800897, 0, -0.01789906, -0.9870996, 0.1591156, 0, -0.0155452, -0.02329709, 0.9323787, 1, 
-0.9950379, 0.0007811522, -0.09947596, 0, 0.09792206, -0.1685375, -0.9808193, 0, -0.01753168, -0.9856974, 0.1676247, 0, -0.01456185, -0.02319585, 0.9307315, 1, 
-0.9925603, -0.005438197, -0.1216187, 0, 0.1206609, -0.1766776, -0.9768452, 0, -0.01617512, -0.9842567, 0.1760194, 0, -0.01352721, -0.02492705, 0.9376416, 1, 
-0.9936525, 0.002806827, -0.1124434, 0, 0.1098885, -0.1890685, -0.9757962, 0, -0.02399845, -0.981963, 0.1875601, 0, -0.01338803, -0.02399798, 0.9384198, 1, 
-0.9957891, -0.004391548, -0.09155067, 0, 0.0911855, -0.1485489, -0.9846925, 0, -0.009275549, -0.9888988, 0.148324, 0, -0.01390157, -0.02554086, 0.9413484, 1, 
-0.993758, -0.007027505, -0.1113184, 0, 0.1108779, -0.170826, -0.9790432, 0, -0.01213596, -0.9852798, 0.1705392, 0, -0.01378677, -0.02468155, 0.9424556, 1, 
-0.9937515, -0.004736702, -0.111499, 0, 0.1106594, -0.1712371, -0.9789959, 0, -0.01445568, -0.9852224, 0.1706917, 0, -0.0139914, -0.02456149, 0.9403854, 1, 
-0.993775, -0.004162747, -0.1113117, 0, 0.1103009, -0.1761466, -0.9781653, 0, -0.01553544, -0.9843587, 0.1755096, 0, -0.01463648, -0.02492788, 0.9406484, 1, 
-0.993091, -0.007102696, -0.1171141, 0, 0.1168351, -0.1513742, -0.981548, 0, -0.01075655, -0.9884544, 0.1511586, 0, -0.01506217, -0.02629433, 0.9411654, 1, 
-0.9927365, -0.003048636, -0.1202526, 0, 0.1188954, -0.1767159, -0.977055, 0, -0.01827196, -0.9842607, 0.1757952, 0, -0.01520353, -0.02594904, 0.9372315, 1, 
-0.9930341, -0.00333843, -0.1177613, 0, 0.1165362, -0.1743517, -0.977764, 0, -0.0172678, -0.9846812, 0.1735268, 0, -0.01514109, -0.02600602, 0.9365265, 1, 
-0.9927031, -0.0003772294, -0.1205674, 0, 0.1187818, -0.1745468, -0.9774587, 0, -0.02067599, -0.9846523, 0.1733184, 0, -0.01555786, -0.02592522, 0.9376816, 1, 
-0.9930457, -0.003806792, -0.11765, 0, 0.1163762, -0.1818663, -0.9764134, 0, -0.01767964, -0.9833198, 0.181045, 0, -0.01508858, -0.0261605, 0.9381425, 1, 
-0.9922786, -0.002656832, -0.1239861, 0, 0.1221904, -0.191786, -0.9738017, 0, -0.02119162, -0.9814368, 0.1906302, 0, -0.01556412, -0.02561212, 0.9392, 1, 
-0.9929969, -0.004347987, -0.1180455, 0, 0.1162067, -0.2153374, -0.9696021, 0, -0.02120386, -0.9765341, 0.2143351, 0, -0.01387293, -0.02715047, 0.9446753, 1, 
-0.9956022, -0.0004967838, -0.09365797, 0, 0.09199262, -0.1929914, -0.9768797, 0, -0.01758997, -0.9812042, 0.1921889, 0, -0.01354185, -0.02736561, 0.9558136, 1, 
-0.9977298, 0.00145225, -0.06729347, 0, 0.06559066, -0.2034986, -0.9768773, 0, -0.01511289, -0.9790781, 0.2029418, 0, -0.01370902, -0.02751649, 0.9643576, 1, 
-0.9986427, -0.002663365, -0.05196995, 0, 0.05152609, -0.1903826, -0.9803581, 0, -0.007283259, -0.9817102, 0.190262, 0, -0.01374827, -0.02824596, 0.970156, 1, 
-0.9995211, -0.01012164, -0.02915334, 0, 0.03059885, -0.2022654, -0.9788538, 0, 0.004010673, -0.9792829, 0.2024789, 0, -0.01258899, -0.02825172, 0.9766436, 1, 
-0.9998752, -0.0114073, -0.01070093, 0, 0.01306138, -0.2325585, -0.9724963, 0, 0.008604702, -0.9725198, 0.232679, 0, -0.01126059, -0.02910857, 0.9814076, 1, 
-0.9998403, -0.01577188, -0.008090531, 0, 0.0116651, -0.2417588, -0.9702674, 0, 0.01334671, -0.9702126, 0.2419049, 0, -0.01132004, -0.02828194, 0.9904643, 1, 
-0.9997866, -0.02039383, 0.002404349, 0, 0.002332191, -0.229077, -0.9734067, 0, 0.02040197, -0.9731991, 0.2290763, 0, -0.01113812, -0.02924484, 0.9922582, 1, 
-0.9997165, -0.01747339, 0.01599951, 0, -0.01173427, -0.2214629, -0.9750994, 0, 0.02058131, -0.9750169, 0.2211959, 0, -0.01146982, -0.02920541, 0.9926692, 1, 
-0.9998037, -0.01964952, 0.0006703911, 0, 0.003717294, -0.2223886, -0.9749525, 0, 0.01930615, -0.9747647, 0.2224188, 0, -0.01167686, -0.0294254, 0.9989765, 1, 
-0.9998004, -0.01887454, 0.006057851, 0, -0.001812618, -0.2172514, -0.9761154, 0, 0.01973955, -0.9759381, 0.2171747, 0, -0.0110994, -0.02987396, 0.996884, 1, 
-0.9999266, -0.002256641, 0.01162695, 0, -0.01054533, -0.2772165, -0.9607513, 0, 0.005391156, -0.9608099, 0.2771733, 0, -0.0107001, -0.02814359, 0.9975574, 1, 
-0.9998205, -0.007445574, 0.01724498, 0, -0.01452214, -0.2758594, -0.96109, 0, 0.01191291, -0.9611743, 0.2757027, 0, -0.01055577, -0.02828491, 0.9988036, 1, 
-0.9983032, -0.02198751, 0.05385999, 0, -0.04566854, -0.2773113, -0.9596953, 0, 0.0360369, -0.9605335, 0.2758375, 0, -0.00946538, -0.02870154, 1.009089, 1, 
-0.998601, -0.02489197, 0.04658478, 0, -0.03765292, -0.2830172, -0.9583769, 0, 0.03703976, -0.9587966, 0.2816847, 0, -0.009685636, -0.02807678, 1.01376, 1, 
-0.9957034, -0.03294836, 0.08650734, 0, -0.07481287, -0.2639342, -0.9616362, 0, 0.05451601, -0.9639825, 0.2603359, 0, -0.01001543, -0.02872098, 1.017569, 1, 
-0.9967516, -0.03706135, 0.07146973, 0, -0.06010936, -0.2479545, -0.966906, 0, 0.05355556, -0.9680678, 0.2449222, 0, -0.01112571, -0.03000028, 1.021956, 1, 
-0.9943609, -0.03106506, 0.1013752, 0, -0.08974845, -0.2624695, -0.9607586, 0, 0.0564534, -0.9644457, 0.2582023, 0, -0.01059022, -0.02964473, 1.025187, 1, 
-0.994029, -0.04533217, 0.09923147, 0, -0.08636639, -0.2287217, -0.9696544, 0, 0.06665234, -0.9724413, 0.2234417, 0, -0.01140455, -0.03095949, 1.031714, 1, 
-0.989425, -0.04570374, 0.1376403, 0, -0.1233103, -0.2344574, -0.9642754, 0, 0.07634103, -0.9710568, 0.2263432, 0, -0.01155953, -0.0306297, 1.047294, 1, 
-0.9870329, -0.05845198, 0.1494831, 0, -0.1336601, -0.2162898, -0.9671385, 0, 0.08886192, -0.974583, 0.2056732, 0, -0.01267041, -0.03124036, 1.053854, 1, 
-0.983619, -0.06978785, 0.1661897, 0, -0.1492428, -0.201679, -0.9680161, 0, 0.1010717, -0.9769673, 0.1879607, 0, -0.01265739, -0.0318239, 1.062192, 1, 
-0.9794225, -0.07889953, 0.1857473, 0, -0.1670537, -0.1994217, -0.9655706, 0, 0.113224, -0.9767373, 0.1821385, 0, -0.01235367, -0.03158577, 1.069045, 1, 
-0.975844, -0.08707859, 0.200353, 0, -0.1812446, -0.1892838, -0.9650517, 0, 0.1219578, -0.9780588, 0.1689299, 0, -0.01242815, -0.03170071, 1.070305, 1, 
-0.9769654, -0.0942146, 0.1914622, 0, -0.1705858, -0.1942086, -0.9660161, 0, 0.1281952, -0.9764307, 0.1736643, 0, -0.01230927, -0.03072953, 1.07441, 1, 
-0.9748328, -0.09884274, 0.1998154, 0, -0.1793545, -0.1845645, -0.9663187, 0, 0.1323911, -0.9778426, 0.1621925, 0, -0.0123187, -0.03129346, 1.075988, 1, 
-0.9767432, -0.09415202, 0.1926216, 0, -0.1709891, -0.1999219, -0.9647789, 0, 0.1293439, -0.975283, 0.1791743, 0, -0.01199082, -0.03064909, 1.078336, 1, 
-0.9748998, -0.09507436, 0.2013104, 0, -0.1808943, -0.1888118, -0.9652107, 0, 0.1297754, -0.9774057, 0.1668752, 0, -0.01221089, -0.03095011, 1.079512, 1, 
-0.975386, -0.09341984, 0.1997252, 0, -0.178286, -0.1988112, -0.9636868, 0, 0.1297339, -0.9755809, 0.1772632, 0, -0.01215166, -0.03071959, 1.080272, 1, 
-0.97402, -0.09915122, 0.2035911, 0, -0.1830822, -0.1843035, -0.9656692, 0, 0.1332687, -0.9778615, 0.1613636, 0, -0.01206003, -0.0315812, 1.081275, 1, 
-0.9746851, -0.1004733, 0.1997233, 0, -0.1758227, -0.2073122, -0.9623471, 0, 0.138094, -0.9731076, 0.1843997, 0, -0.01204665, -0.02976065, 1.085584, 1, 
-0.9682357, -0.1123226, 0.2233804, 0, -0.2018771, -0.175899, -0.9634878, 0, 0.1475126, -0.9779854, 0.1476375, 0, -0.01149531, -0.02962622, 1.085493, 1, 
-0.9682613, -0.112264, 0.2232998, 0, -0.2002396, -0.1862022, -0.961892, 0, 0.1495634, -0.9760829, 0.1578137, 0, -0.01141446, -0.0303836, 1.084777, 1, 
-0.9650645, -0.1091978, 0.2381642, 0, -0.2152065, -0.1880894, -0.9582866, 0, 0.1494375, -0.9760687, 0.1580193, 0, -0.01144037, -0.03003594, 1.084676, 1, 
-0.9681521, -0.1065843, 0.2265332, 0, -0.2026841, -0.197445, -0.9591348, 0, 0.1469552, -0.9745088, 0.1695549, 0, -0.0114997, -0.03003249, 1.088775, 1, 
-0.9651135, -0.1143135, 0.2355524, 0, -0.212675, -0.1824629, -0.9599384, 0, 0.152712, -0.9765513, 0.1517868, 0, -0.01200858, -0.0306212, 1.090394, 1, 
-0.9644463, -0.1055773, 0.2422669, 0, -0.2210192, -0.180328, -0.958456, 0, 0.1448774, -0.9779306, 0.150583, 0, -0.01165681, -0.02988658, 1.089639, 1, 
-0.9671536, -0.1140988, 0.2271376, 0, -0.2027094, -0.1929082, -0.9600521, 0, 0.1533561, -0.9745666, 0.163444, 0, -0.0115049, -0.02843334, 1.08877, 1, 
-0.9662915, -0.1233436, 0.2259713, 0, -0.2004894, -0.1900707, -0.9610839, 0, 0.1614925, -0.9739979, 0.1589357, 0, -0.01163268, -0.02895623, 1.090289, 1, 
-0.9639392, -0.1239261, 0.2354986, 0, -0.2108872, -0.1840051, -0.9600386, 0, 0.1623053, -0.975088, 0.1512364, 0, -0.01196668, -0.028883, 1.086742, 1, 
-0.9676281, -0.1189782, 0.2225667, 0, -0.1987417, -0.1842888, -0.9625722, 0, 0.1555402, -0.9756505, 0.1546781, 0, -0.01208892, -0.0277561, 1.08438, 1, 
-0.9645514, -0.1302553, 0.2294995, 0, -0.2066328, -0.1681136, -0.9638702, 0, 0.1641297, -0.9771301, 0.1352402, 0, -0.01214404, -0.02948134, 1.090237, 1, 
-0.9680521, -0.1220015, 0.219059, 0, -0.1951964, -0.1816792, -0.9637922, 0, 0.1573813, -0.9757668, 0.1520619, 0, -0.01217454, -0.02912713, 1.088066, 1, 
-0.9620302, -0.1512479, 0.2271973, 0, -0.212446, -0.1076316, -0.9712291, 0, 0.1713485, -0.9826245, 0.07141404, 0, -0.01343512, -0.02903979, 1.100801, 1, 
-0.9566816, -0.1588601, 0.2439675, 0, -0.2311307, -0.09508359, -0.9682674, 0, 0.1770149, -0.9827175, 0.05424855, 0, -0.01359169, -0.02895535, 1.102978, 1, 
-0.9566593, -0.1577063, 0.2448012, 0, -0.2325357, -0.09230387, -0.9682001, 0, 0.1752859, -0.9831684, 0.05163237, 0, -0.01391013, -0.02899457, 1.107393, 1, 
-0.9464517, -0.1756039, 0.2709037, 0, -0.2659788, -0.0514519, -0.9626071, 0, 0.1829745, -0.9831217, 0.00199121, 0, -0.01340367, -0.0296385, 1.110913, 1, 
-0.9490751, -0.1780412, 0.2599112, 0, -0.2595966, -0.02547089, -0.9653837, 0, 0.1784968, -0.9836996, -0.02204368, 0, -0.01370572, -0.02920611, 1.112047, 1, 
-0.9469385, -0.1784169, 0.2673395, 0, -0.2688143, -0.01631018, -0.963057, 0, 0.1761846, -0.9838259, -0.03251483, 0, -0.01386812, -0.02916835, 1.110175, 1, 
-0.9424496, -0.1773255, 0.2834427, 0, -0.2860759, -0.01107902, -0.9581462, 0, 0.1730426, -0.9840956, -0.04028569, 0, -0.01461435, -0.02908531, 1.116135, 1, 
-0.9423997, -0.1866919, 0.2775331, 0, -0.2829901, 0.002702898, -0.9591222, 0, 0.1783087, -0.9824202, -0.05537774, 0, -0.01477213, -0.02897726, 1.11907, 1, 
-0.9435146, -0.1891191, 0.2720477, 0, -0.2815631, 0.02489172, -0.9592229, 0, 0.1746341, -0.981644, -0.07673324, 0, -0.01455737, -0.02910583, 1.119995, 1, 
-0.9392399, -0.1858325, 0.2886017, 0, -0.2945553, 0.004659444, -0.9556262, 0, 0.1762401, -0.9825758, -0.05911286, 0, -0.01418446, -0.02898538, 1.119825, 1, 
-0.9469215, -0.1922091, 0.2576644, 0, -0.2687619, 0.03363855, -0.9626225, 0, 0.1763556, -0.9807823, -0.0835101, 0, -0.01494459, -0.02971114, 1.122153, 1, 
-0.9410733, -0.1880118, 0.2811193, 0, -0.2895558, 0.01845002, -0.9569864, 0, 0.1747364, -0.9819989, -0.07180125, 0, -0.01399097, -0.02926436, 1.120552, 1, 
-0.9345668, -0.1764185, 0.3089615, 0, -0.305557, -0.04683892, -0.9510239, 0, 0.1822479, -0.9832056, -0.0101303, 0, -0.0137747, -0.0274848, 1.127274, 1, 
-0.9393927, -0.1674743, 0.2991482, 0, -0.2929559, -0.0611181, -0.9541737, 0, 0.1780813, -0.9839855, 0.008352839, 0, -0.01457296, -0.0269834, 1.131004, 1, 
-0.9345794, -0.176015, 0.3091531, 0, -0.3058607, -0.04622722, -0.9509563, 0, 0.1816722, -0.9833069, -0.01063158, 0, -0.01507866, -0.02755947, 1.133236, 1, 
-0.939649, -0.1781287, 0.2921061, 0, -0.2911844, -0.03188503, -0.9561387, 0, 0.1796277, -0.9834955, -0.02190609, 0, -0.01541031, -0.02802287, 1.133316, 1, 
-0.9446993, -0.1724128, 0.2789497, 0, -0.2741185, -0.051708, -0.9603078, 0, 0.1799915, -0.9836715, 0.001588474, 0, -0.01602667, -0.02686039, 1.132367, 1, 
-0.9405549, -0.1821107, 0.2866858, 0, -0.2900739, -0.008326127, -0.9569709, 0, 0.1766598, -0.9832474, -0.04499295, 0, -0.01578869, -0.02746368, 1.131904, 1, 
-0.9290351, -0.1819401, 0.322162, 0, -0.3235388, -0.02288567, -0.9459409, 0, 0.1794756, -0.9830478, -0.03760164, 0, -0.0151798, -0.02610018, 1.133452, 1, 
-0.9308032, -0.1783188, 0.3190685, 0, -0.3168685, -0.04145835, -0.947566, 0, 0.1821949, -0.9831031, -0.01791257, 0, -0.01486182, -0.02558134, 1.134705, 1, 
-0.927588, -0.1795434, 0.3276308, 0, -0.3175211, -0.08324116, -0.9445929, 0, 0.1968657, -0.9802261, 0.02020616, 0, -0.0162089, -0.0230923, 1.136486, 1, 
-0.9280185, -0.1835716, 0.324161, 0, -0.3186046, -0.05982303, -0.9460003, 0, 0.1930491, -0.9811885, -0.002968415, 0, -0.0162748, -0.02341892, 1.141295, 1, 
-0.931828, -0.1809516, 0.3145633, 0, -0.3097149, -0.05519601, -0.9492285, 0, 0.189125, -0.981946, -0.004608712, 0, -0.01547873, -0.02326924, 1.141649, 1, 
-0.9327106, -0.1814077, 0.3116717, 0, -0.3076685, -0.0505303, -0.9501532, 0, 0.188112, -0.982113, -0.008681796, 0, -0.01574655, -0.02360356, 1.142012, 1, 
-0.9311495, -0.181762, 0.3161013, 0, -0.3113862, -0.05467719, -0.9487113, 0, 0.1897213, -0.9818256, -0.005684028, 0, -0.01560802, -0.02316342, 1.14435, 1, 
-0.9321357, -0.1806444, 0.3138277, 0, -0.3077835, -0.06130243, -0.9494814, 0, 0.1907551, -0.9816411, 0.001544316, 0, -0.01561265, -0.02309951, 1.144573, 1, 
-0.9215885, -0.1717204, 0.348116, 0, -0.3365487, -0.09335785, -0.9370285, 0, 0.1934045, -0.9807174, 0.02824672, 0, -0.01555049, -0.02082467, 1.14462, 1, 
-0.9250132, -0.1694536, 0.3400492, 0, -0.3313465, -0.07810476, -0.940272, 0, 0.1858904, -0.9824436, 0.01610157, 0, -0.01613473, -0.02117464, 1.142338, 1, 
-0.9275419, -0.1714755, 0.3320541, 0, -0.3250834, -0.06807125, -0.9432337, 0, 0.1843433, -0.9828394, 0.007396588, 0, -0.01668568, -0.02119997, 1.142294, 1, 
-0.9338732, -0.1694725, 0.3148923, 0, -0.3084409, -0.06382449, -0.9491013, 0, 0.1809429, -0.9834717, 0.007333204, 0, -0.01718285, -0.02141903, 1.142081, 1, 
-0.9364972, -0.1729233, 0.3050705, 0, -0.3001873, -0.0543607, -0.9523314, 0, 0.1812627, -0.9834394, -0.0009992603, 0, -0.01769594, -0.02147519, 1.143291, 1, 
-0.9357259, -0.1678229, 0.3102419, 0, -0.3041075, -0.06174626, -0.9506359, 0, 0.1786934, -0.9838871, 0.006742808, 0, -0.01744825, -0.02124637, 1.144774, 1, 
-0.918704, -0.1778951, 0.3526097, 0, -0.3409065, -0.09357174, -0.93543, 0, 0.1994012, -0.9795964, 0.02532055, 0, -0.01638925, -0.02044516, 1.146539, 1, 
-0.9165841, -0.1731732, 0.3603913, 0, -0.3475681, -0.1004692, -0.9322575, 0, 0.1976488, -0.9797595, 0.03190041, 0, -0.01644862, -0.01980755, 1.148587, 1, 
-0.9197828, -0.1734926, 0.3519899, 0, -0.342722, -0.08175968, -0.935873, 0, 0.1911444, -0.9814414, 0.01574288, 0, -0.01704385, -0.02008265, 1.145773, 1, 
-0.921882, -0.1707802, 0.3478002, 0, -0.3369401, -0.0898594, -0.9372289, 0, 0.1913119, -0.9812087, 0.02529856, 0, -0.01726593, -0.01952132, 1.145906, 1, 
-0.9239964, -0.1736465, 0.3406979, 0, -0.3316356, -0.07967606, -0.9400375, 0, 0.1903785, -0.9815855, 0.01603451, 0, -0.01772813, -0.01967295, 1.143495, 1, 
-0.9284312, -0.1732235, 0.3286439, 0, -0.3235213, -0.05783322, -0.944452, 0, 0.1826068, -0.9831889, -0.002345815, 0, -0.01823722, -0.01985816, 1.141547, 1, 
-0.9303632, -0.1731716, 0.3231622, 0, -0.3179749, -0.05767111, -0.9463433, 0, 0.1825161, -0.9832076, -0.001407686, 0, -0.01867602, -0.01986165, 1.139695, 1, 
-0.9182417, -0.168485, 0.3583906, 0, -0.3417832, -0.1199518, -0.9320916, 0, 0.200032, -0.9783845, 0.05256063, 0, -0.01768368, -0.01740017, 1.151186, 1, 
-0.9207442, -0.1717014, 0.3503534, 0, -0.3367244, -0.1038971, -0.9358538, 0, 0.197087, -0.9796614, 0.03784793, 0, -0.01787549, -0.01717414, 1.149263, 1, 
-0.9179169, -0.1680895, 0.3594072, 0, -0.3444051, -0.112213, -0.9320911, 0, 0.1970037, -0.9793705, 0.04511266, 0, -0.01791544, -0.01677111, 1.1481, 1, 
-0.9218629, -0.1713997, 0.3475487, 0, -0.3356591, -0.09499127, -0.9371818, 0, 0.1936456, -0.9806178, 0.03003844, 0, -0.01854433, -0.01698453, 1.146042, 1, 
-0.9156388, -0.1675447, 0.3654225, 0, -0.3521999, -0.1038753, -0.9301422, 0, 0.1937977, -0.9803829, 0.03610435, 0, -0.01722172, -0.01673931, 1.145931, 1, 
-0.922795, -0.1672082, 0.3471159, 0, -0.3351129, -0.09623261, -0.9372503, 0, 0.1901188, -0.9812196, 0.03277066, 0, -0.01895149, -0.01674614, 1.147392, 1, 
-0.9099113, -0.1718679, 0.3775211, 0, -0.3630127, -0.1104163, -0.9252184, 0, 0.2006987, -0.9789184, 0.03808009, 0, -0.01720801, -0.01556359, 1.151301, 1, 
-0.9106255, -0.1692455, 0.3769826, 0, -0.3640027, -0.1032905, -0.9256522, 0, 0.1956002, -0.9801524, 0.03245446, 0, -0.01779636, -0.01519877, 1.151054, 1, 
-0.9129074, -0.1735316, 0.3694399, 0, -0.3542563, -0.1126985, -0.9283324, 0, 0.2027292, -0.9783646, 0.04140987, 0, -0.01797354, -0.01507547, 1.150425, 1, 
-0.9143664, -0.171944, 0.3665623, 0, -0.3557114, -0.09128364, -0.9301268, 0, 0.1933899, -0.9808741, 0.0223056, 0, -0.01780684, -0.01512677, 1.148422, 1, 
-0.9121916, -0.1719103, 0.3719565, 0, -0.3573309, -0.1105258, -0.9274149, 0, 0.2005419, -0.9788987, 0.03939306, 0, -0.01801373, -0.01463271, 1.147853, 1, 
-0.8958451, -0.1655768, 0.4123639, 0, -0.3867823, -0.1662987, -0.9070519, 0, 0.218761, -0.9720802, 0.08493689, 0, -0.01567846, -0.01237913, 1.154428, 1, 
-0.893345, -0.1655654, 0.4177578, 0, -0.3942031, -0.1575414, -0.9054191, 0, 0.2157189, -0.9735397, 0.07547355, 0, -0.01542824, -0.0125901, 1.153551, 1, 
-0.8983692, -0.1623195, 0.4081475, 0, -0.3847761, -0.1573255, -0.9095023, 0, 0.2118407, -0.9741211, 0.07888085, 0, -0.01561557, -0.01250153, 1.153441, 1, 
-0.8924831, -0.1662636, 0.4193199, 0, -0.3966415, -0.1534339, -0.9050591, 0, 0.214815, -0.9740767, 0.07099129, 0, -0.01506527, -0.01276489, 1.152874, 1, 
-0.8897815, -0.1619624, 0.4266805, 0, -0.404696, -0.1521638, -0.901702, 0, 0.2109659, -0.9750003, 0.06984819, 0, -0.01491083, -0.01298009, 1.153846, 1, 
-0.884402, -0.162294, 0.4375988, 0, -0.4144978, -0.1578362, -0.8962578, 0, 0.214525, -0.9740433, 0.07232127, 0, -0.01409552, -0.01244374, 1.153236, 1, 
-0.8794233, -0.1727173, 0.4436017, 0, -0.4132688, -0.1854898, -0.8915161, 0, 0.2362625, -0.9673538, 0.09174637, 0, -0.01508678, -0.009640285, 1.159622, 1, 
-0.8821657, -0.1724717, 0.4382193, 0, -0.4091772, -0.1799531, -0.8945327, 0, 0.2331393, -0.968443, 0.0881781, 0, -0.01514265, -0.009196932, 1.1578, 1, 
-0.8822591, -0.169639, 0.4391362, 0, -0.4090832, -0.1853259, -0.8934778, 0, 0.2329507, -0.9679296, 0.09411013, 0, -0.0146964, -0.009228692, 1.158611, 1, 
-0.883683, -0.1656067, 0.4378107, 0, -0.4074596, -0.1882042, -0.8936182, 0, 0.2303856, -0.9680725, 0.09883592, 0, -0.01497224, -0.008948303, 1.15854, 1, 
-0.8868116, -0.1711767, 0.4292592, 0, -0.403063, -0.167874, -0.8996422, 0, 0.2260579, -0.9708384, 0.07987868, 0, -0.01527079, -0.00943355, 1.158576, 1, 
-0.884569, -0.1665431, 0.4356605, 0, -0.4081108, -0.175804, -0.895844, 0, 0.2257862, -0.9702408, 0.08754384, 0, -0.01469379, -0.009235824, 1.158701, 1, 
-0.8869276, -0.1697656, 0.4295789, 0, -0.4007777, -0.1795199, -0.898414, 0, 0.2296365, -0.9690011, 0.09118395, 0, -0.0153894, -0.009566478, 1.160976, 1, 
-0.8612935, -0.1704224, 0.4786744, 0, -0.4477891, -0.1906032, -0.8735861, 0, 0.2401142, -0.9667661, 0.08785299, 0, -0.01233192, -0.007064263, 1.165306, 1, 
-0.8659226, -0.1684306, 0.4709657, 0, -0.4394115, -0.1936433, -0.8771641, 0, 0.2389392, -0.9665111, 0.09367076, 0, -0.01323736, -0.007219533, 1.162957, 1, 
-0.8664391, -0.1696712, 0.4695685, 0, -0.4383154, -0.1918627, -0.8781033, 0, 0.2390801, -0.9666491, 0.0918688, 0, -0.01310777, -0.006913482, 1.164497, 1, 
-0.8647471, -0.1660223, 0.4739717, 0, -0.4418909, -0.1968996, -0.8751913, 0, 0.2386248, -0.96627, 0.09690564, 0, -0.01318923, -0.006957942, 1.164028, 1, 
-0.8635033, -0.1721292, 0.4740607, 0, -0.4435433, -0.1882231, -0.8762637, 0, 0.2400585, -0.9669304, 0.08618557, 0, -0.01306436, -0.007048164, 1.163667, 1, 
-0.868548, -0.1720718, 0.4647747, 0, -0.433719, -0.189873, -0.8808138, 0, 0.2398099, -0.9666179, 0.09028396, 0, -0.01318852, -0.007219209, 1.165709, 1, 
-0.8727131, -0.1609825, 0.4609298, 0, -0.4258344, -0.2108142, -0.8798975, 0, 0.238817, -0.9641847, 0.1154293, 0, -0.01257832, -0.005403803, 1.171713, 1, 
-0.8652789, -0.1622959, 0.4742915, 0, -0.4369447, -0.2195577, -0.8722791, 0, 0.2457, -0.9620105, 0.1190651, 0, -0.01244916, -0.005132344, 1.169735, 1, 
-0.8472916, -0.1602374, 0.5063804, 0, -0.466315, -0.2319701, -0.8536611, 0, 0.2542518, -0.9594394, 0.121826, 0, -0.01049626, -0.005028015, 1.168287, 1, 
-0.8619285, -0.1715992, 0.4771089, 0, -0.4442578, -0.1979044, -0.8737651, 0, 0.2443577, -0.9650894, 0.09434607, 0, -0.01253924, -0.006201008, 1.168317, 1, 
-0.8539196, -0.15659, 0.4962865, 0, -0.4577125, -0.2277846, -0.8594243, 0, 0.247622, -0.9610429, 0.1228375, 0, -0.01148658, -0.004745539, 1.16846, 1, 
-0.8559912, -0.1620998, 0.4909197, 0, -0.4514043, -0.2285339, -0.8625559, 0, 0.2520101, -0.9599503, 0.1224513, 0, -0.01165711, -0.004753665, 1.166681, 1, 
-0.8418884, -0.1715613, 0.5116549, 0, -0.4728736, -0.2223087, -0.8526226, 0, 0.2600206, -0.9597679, 0.1060331, 0, -0.008363145, -0.003678755, 1.171102, 1, 
-0.8393893, -0.1684373, 0.5167731, 0, -0.4742996, -0.2373437, -0.8477643, 0, 0.265446, -0.9567163, 0.1193348, 0, -0.008720404, -0.003143353, 1.172714, 1, 
-0.8479269, -0.1791639, 0.4989188, 0, -0.463233, -0.2071726, -0.8616788, 0, 0.2577425, -0.961764, 0.09267347, 0, -0.009456012, -0.003396002, 1.171418, 1, 
-0.8334433, -0.1639697, 0.5277175, 0, -0.4817886, -0.252095, -0.83924, 0, 0.270643, -0.9537148, 0.1311089, 0, -0.008045977, -0.002473996, 1.172599, 1, 
-0.8323045, -0.1653207, 0.529092, 0, -0.4834552, -0.2504516, -0.838774, 0, 0.2711768, -0.9539146, 0.1285275, 0, -0.00801056, -0.002266347, 1.170737, 1, 
-0.8451861, -0.1714036, 0.5062421, 0, -0.4642942, -0.233712, -0.8542868, 0, 0.2647408, -0.9570838, 0.1179491, 0, -0.008689054, -0.002452422, 1.170823, 1, 
-0.8315484, -0.1768001, 0.5265633, 0, -0.47871, -0.2526839, -0.8408234, 0, 0.2817098, -0.9512637, 0.1254834, 0, -0.006823145, -0.001291363, 1.17324, 1, 
-0.8392708, -0.1771254, 0.5140532, 0, -0.4686722, -0.2435981, -0.8491185, 0, 0.2756211, -0.9535704, 0.1214315, 0, -0.006692999, -0.001698437, 1.174411, 1, 
-0.8375827, -0.1771809, 0.5167797, 0, -0.4695705, -0.2499591, -0.8467706, 0, 0.2792035, -0.9519124, 0.1261629, 0, -0.006950822, -0.001754883, 1.175651, 1, 
-0.8377733, -0.1810292, 0.5151348, 0, -0.4701014, -0.2407481, -0.849142, 0, 0.2777351, -0.9535607, 0.1165907, 0, -0.006355921, -0.001907725, 1.174639, 1, 
-0.8306388, -0.1698702, 0.5302664, 0, -0.4767518, -0.2750056, -0.8349115, 0, 0.2876506, -0.946322, 0.1474447, 0, -0.006688724, -0.00123506, 1.1748, 1, 
-0.8196898, -0.1856684, 0.5418811, 0, -0.492705, -0.2539456, -0.8323167, 0, 0.2921411, -0.9492357, 0.1166773, 0, -0.004404381, 0.0009321501, 1.171975, 1, 
-0.8111677, -0.1891256, 0.5533883, 0, -0.5047706, -0.251415, -0.8258297, 0, 0.2953137, -0.9492274, 0.108475, 0, -0.003651256, 0.001345642, 1.174611, 1, 
-0.8175278, -0.1942838, 0.5421271, 0, -0.4948106, -0.2446434, -0.8338519, 0, 0.29463, -0.9499547, 0.1038695, 0, -0.004005875, 0.001250109, 1.174073, 1, 
-0.8157749, -0.1967659, 0.5438697, 0, -0.498068, -0.239004, -0.8335477, 0, 0.2939992, -0.9508792, 0.09697117, 0, -0.00383145, 0.000792816, 1.173149, 1, 
-0.8169135, -0.194661, 0.5429173, 0, -0.4974921, -0.2384308, -0.8340557, 0, 0.2918047, -0.9514564, 0.09793549, 0, -0.004076258, 0.0009921768, 1.172809, 1, 
-0.8231633, -0.1888935, 0.5354632, 0, -0.4850348, -0.2563499, -0.8360758, 0, 0.2951936, -0.9479533, 0.1193982, 0, -0.003876916, 0.001118234, 1.176668, 1, 
-0.8052368, -0.2263184, 0.548063, 0, -0.5039892, -0.2257157, -0.8336929, 0, 0.3123849, -0.947546, 0.06769311, 0, -0.0001344144, 0.002400716, 1.172658, 1, 
-0.7987999, -0.2293876, 0.5561467, 0, -0.5124367, -0.2248491, -0.828763, 0, 0.3151555, -0.9470137, 0.06206335, 0, 0.0002413544, 0.00275185, 1.175812, 1, 
-0.7976474, -0.2237268, 0.5600935, 0, -0.5171567, -0.2241178, -0.8260251, 0, 0.3103293, -0.9485406, 0.06306569, 0, 0.0007270736, 0.003033319, 1.17531, 1, 
-0.8003952, -0.2284122, 0.5542517, 0, -0.5150427, -0.2110829, -0.8307658, 0, 0.3067487, -0.9504124, 0.05130824, 0, 0.0005848393, 0.002904575, 1.174009, 1, 
-0.8040053, -0.2337198, 0.5467629, 0, -0.513898, -0.1894568, -0.8366672, 0, 0.2991324, -0.9536737, 0.03221679, 0, 0.0002845709, 0.00301785, 1.173303, 1, 
-0.7968763, -0.2238346, 0.5611469, 0, -0.5127082, -0.2407372, -0.8241197, 0, 0.3195538, -0.9444344, 0.07707635, 0, 0.0005881914, 0.003382471, 1.176054, 1, 
-0.791392, -0.2421094, 0.5613213, 0, -0.5114139, -0.2408147, -0.8249008, 0, 0.3348889, -0.9398956, 0.06676114, 0, 0.004302711, 0.004391636, 1.168384, 1, 
-0.796845, -0.2433442, 0.5530109, 0, -0.51043, -0.2185765, -0.8316745, 0, 0.3232569, -0.9449977, 0.04996194, 0, 0.003899982, 0.004365249, 1.170447, 1, 
-0.7983884, -0.2466153, 0.5493231, 0, -0.5101109, -0.2077089, -0.8346503, 0, 0.3199356, -0.9465994, 0.04003181, 0, 0.003494093, 0.004243898, 1.169611, 1, 
-0.799603, -0.2262058, 0.5562953, 0, -0.4970404, -0.2705795, -0.8244606, 0, 0.3370183, -0.9357508, 0.1039231, 0, 0.003678971, 0.006093455, 1.171292, 1, 
-0.8000112, -0.2311615, 0.5536656, 0, -0.4977445, -0.2595492, -0.8275764, 0, 0.3350056, -0.9376623, 0.09258335, 0, 0.003000643, 0.005980374, 1.167795, 1, 
-0.7883775, -0.2803415, 0.547603, 0, -0.5046771, -0.2142947, -0.8362873, 0, 0.3517927, -0.9356806, 0.02746382, 0, 0.007644968, 0.005878934, 1.161627, 1, 
-0.7901279, -0.2645371, 0.5529174, 0, -0.5029733, -0.2357178, -0.8315364, 0, 0.3503028, -0.9351301, 0.05319269, 0, 0.006313647, 0.007058198, 1.163155, 1, 
-0.7865481, -0.280751, 0.5500183, 0, -0.5040761, -0.222603, -0.8344772, 0, 0.3567143, -0.9336154, 0.03356872, 0, 0.007546837, 0.00631416, 1.16538, 1, 
-0.7919083, -0.2799207, 0.5427013, 0, -0.5067765, -0.1945481, -0.8398367, 0, 0.3406673, -0.9401094, 0.01220782, 0, 0.006152563, 0.006084764, 1.165211, 1, 
-0.7947337, -0.2826851, 0.5371098, 0, -0.5045884, -0.1840878, -0.8435041, 0, 0.3373197, -0.9413879, 0.003662113, 0, 0.006163268, 0.005741478, 1.16539, 1, 
-0.7960029, -0.2776035, 0.5378799, 0, -0.5027844, -0.1915373, -0.842923, 0, 0.3370208, -0.941414, 0.01289045, 0, 0.005762507, 0.006559801, 1.164785, 1, 
-0.7888315, -0.2584187, 0.5576413, 0, -0.5071447, -0.2388663, -0.8280972, 0, 0.3471956, -0.9360414, 0.05737027, 0, 0.00607826, 0.008080421, 1.16122, 1, 
-0.7895004, -0.3138326, 0.5274446, 0, -0.4973002, -0.1765409, -0.8494257, 0, 0.3596912, -0.9329271, -0.01668905, 0, 0.00901998, 0.007253384, 1.16476, 1, 
-0.7843041, -0.3008704, 0.5425342, 0, -0.501691, -0.2068195, -0.839958, 0, 0.3649235, -0.9309745, 0.01126615, 0, 0.008636113, 0.007596086, 1.158511, 1, 
-0.7887045, -0.2981636, 0.537627, 0, -0.4942602, -0.2125019, -0.84294, 0, 0.365579, -0.9305655, 0.02023164, 0, 0.007970459, 0.007720673, 1.158527, 1, 
-0.7891956, -0.3058188, 0.5325826, 0, -0.4921475, -0.2038147, -0.846315, 0, 0.3673653, -0.9300243, 0.01034253, 0, 0.008103915, 0.007396008, 1.158801, 1, 
-0.8042884, -0.3059932, 0.5093989, 0, -0.4728919, -0.1895224, -0.860496, 0, 0.3598466, -0.9329845, 0.007729836, 0, 0.006699657, 0.007403015, 1.158984, 1, 
-0.8066654, -0.3037055, 0.5070036, 0, -0.4639133, -0.2061044, -0.861571, 0, 0.3661575, -0.9302121, 0.02536509, 0, 0.006408356, 0.007537086, 1.155383, 1, 
-0.7744479, -0.3333683, 0.5376757, 0, -0.5199386, -0.1487766, -0.8411472, 0, 0.3604033, -0.9309895, -0.05811034, 0, 0.009563408, 0.006860662, 1.15251, 1, 
-0.7831485, -0.3334585, 0.5248644, 0, -0.5010105, -0.1615902, -0.8502213, 0, 0.3683245, -0.9288192, -0.04051604, 0, 0.009206851, 0.007175008, 1.153218, 1, 
-0.7777872, -0.3335536, 0.5327174, 0, -0.5091795, -0.1625107, -0.8451778, 0, 0.3684823, -0.9286245, -0.04343889, 0, 0.009338086, 0.007290467, 1.153306, 1, 
-0.7798457, -0.3354488, 0.5285009, 0, -0.5081113, -0.1538795, -0.847433, 0, 0.365594, -0.9294119, -0.05044206, 0, 0.009543251, 0.007002862, 1.153658, 1, 
-0.7862905, -0.3269616, 0.5242535, 0, -0.4976368, -0.167767, -0.8510052, 0, 0.3661968, -0.9300332, -0.03079365, 0, 0.009844597, 0.006819617, 1.158093, 1, 
-0.7855385, -0.3622476, 0.5017018, 0, -0.4883441, -0.1350473, -0.862137, 0, 0.3800587, -0.9222528, -0.07081557, 0, 0.01037971, 0.005880034, 1.15112, 1, 
-0.7784229, -0.3600305, 0.5142322, 0, -0.5006968, -0.1379937, -0.8545512, 0, 0.3786238, -0.922685, -0.07284762, 0, 0.01122326, 0.005738989, 1.15171, 1, 
-0.7773556, -0.3597001, 0.5160747, 0, -0.5023003, -0.1389455, -0.8534552, 0, 0.3786926, -0.922671, -0.0726664, 0, 0.01103436, 0.006019922, 1.149428, 1, 
-0.7812215, -0.3609301, 0.5093343, 0, -0.4962637, -0.1358855, -0.8574696, 0, 0.378696, -0.9226464, -0.0729588, 0, 0.01103937, 0.005656667, 1.150252, 1, 
-0.7771584, -0.3562002, 0.5187925, 0, -0.4985478, -0.1545777, -0.8529666, 0, 0.3840191, -0.9215423, -0.05745046, 0, 0.01083983, 0.006457641, 1.149996, 1, 
-0.7750795, -0.3778436, 0.5064433, 0, -0.5005847, -0.1218972, -0.8570602, 0, 0.3855675, -0.9178175, -0.09466156, 0, 0.01142379, 0.005010428, 1.149523, 1, 
-0.7807344, -0.3750025, 0.4998254, 0, -0.4881944, -0.1332035, -0.8625074, 0, 0.3900198, -0.9174118, -0.07907659, 0, 0.01092349, 0.005336527, 1.152098, 1, 
-0.7838913, -0.3740235, 0.4955996, 0, -0.4863309, -0.1263501, -0.8645888, 0, 0.3859948, -0.9187803, -0.08285342, 0, 0.01069783, 0.005439724, 1.15152, 1, 
-0.7799013, -0.3745635, 0.5014523, 0, -0.4921807, -0.1279261, -0.8610397, 0, 0.386662, -0.9183424, -0.08458218, 0, 0.01078829, 0.005614522, 1.151777, 1, 
-0.775682, -0.3723342, 0.509592, 0, -0.5030293, -0.1228904, -0.8554858, 0, 0.3811496, -0.9199353, -0.09197003, 0, 0.01083545, 0.005179547, 1.151194, 1, 
-0.7811612, -0.3687065, 0.5038267, 0, -0.4979952, -0.1187307, -0.8590114, 0, 0.3765418, -0.9219403, -0.09086508, 0, 0.0104308, 0.005252347, 1.152502, 1, 
-0.7785987, -0.3685196, 0.5079131, 0, -0.498914, -0.1273904, -0.857236, 0, 0.3806106, -0.9208583, -0.08467253, 0, 0.01029073, 0.005759711, 1.150854, 1, 
-0.782846, -0.3791361, 0.4933624, 0, -0.4811576, -0.1338607, -0.8663518, 0, 0.3945058, -0.9156158, -0.0776309, 0, 0.01127425, 0.005938142, 1.148272, 1, 
-0.7776639, -0.3855973, 0.4965398, 0, -0.4949025, -0.1115803, -0.8617534, 0, 0.3876925, -0.9159036, -0.1040598, 0, 0.01127918, 0.004894475, 1.150715, 1, 
-0.7795289, -0.3808108, 0.4973081, 0, -0.4897819, -0.1243225, -0.8629344, 0, 0.39044, -0.9162648, -0.08960003, 0, 0.01179612, 0.005925438, 1.15034, 1, 
-0.7785562, -0.3825924, 0.4974637, 0, -0.4926264, -0.1185085, -0.8621331, 0, 0.3887981, -0.9162932, -0.09620849, 0, 0.01159277, 0.005134669, 1.14896, 1, 
-0.7824993, -0.3712589, 0.4998586, 0, -0.4820246, -0.1469686, -0.8637428, 0, 0.3941346, -0.9168324, -0.06395216, 0, 0.01140899, 0.006555425, 1.143543, 1, 
-0.7885318, -0.4013485, 0.4659764, 0, -0.4716538, -0.09157232, -0.8770156, 0, 0.3946583, -0.9113443, -0.1170887, 0, 0.01225548, 0.005726486, 1.136724, 1, 
-0.7920537, -0.4017352, 0.4596266, 0, -0.4668317, -0.08652595, -0.8801022, 0, 0.3933366, -0.9116672, -0.1190083, 0, 0.01148074, 0.00550799, 1.137579, 1, 
-0.795023, -0.393338, 0.4617577, 0, -0.4585352, -0.1086274, -0.8820111, 0, 0.397087, -0.9129623, -0.09399699, 0, 0.01131854, 0.006387279, 1.136567, 1, 
-0.788519, -0.3896303, 0.475839, 0, -0.4698526, -0.1175769, -0.8748783, 0, 0.3968256, -0.9134431, -0.09035612, 0, 0.01145319, 0.006879929, 1.135095, 1, 
-0.7904763, -0.3930476, 0.4697418, 0, -0.4660761, -0.1115847, -0.8776785, 0, 0.3973843, -0.9127305, -0.094984, 0, 0.0113493, 0.006985049, 1.136095, 1, 
-0.8136149, -0.4174276, 0.4046989, 0, -0.4387161, -0.0159707, -0.8984826, 0, 0.3815139, -0.9085779, -0.1701368, 0, 0.0097019, 0.003598296, 1.130967, 1, 
